nadosh50,374,-262,112
meba011299,494,-475,19
Dannyblue_1,236,-140,96
dopeitsaimee,2268,-2385,-117
mdd471,0,0,0
Burlexuk,1331,-107,1224
Einstein_BOT,2706,-2380,326
BerthaP49908629,2269,-946,1323
afraidofthelark,1144,-976,168
Big_Blk_Cock,628,-741,-113
xx_emmajane_xx,7872,-972,6900
Lancrunistuning,1134,-1457,-323
luvjuan,4302,-159,4143
michael_angove,912,-378,534
Basssantii,855,-581,274
KievNewYork,38,-27,11
Ha_Tanya,3357,-1385,1972
djmatthardwick,473,-233,240
okekearmstrong,232,-167,65
twt_matrik,1155,-248,907
i_andrade_,1311,-3334,-2023
troyesbitxh,3283,-1358,1925
aMinlyworsd,384,-157,227
helen_helen26,74,-52,22
FratHouseFilms,4292,-5249,-957
Roznama_Express,22,-8,14
3aly_mstwahh,0,0,0
haestarxx,2527,-671,1856
shoppingmodes,21,0,21
eyjananna,253,-98,155
RichardBejah,2502,-1111,1391
DatJesusGuy,3227,0,3227
Ryin01,585,-322,263
Breaking_News77,2028,-1319,709
_xFRANKFURT90,22,-29,-7
SteamDevelopers,2274,-1697,577
bighomie_cleo,2538,-3933,-1395
HD_paranormal,2027,-553,1474
ShadowCodex,13,-3,10
DailyQuoteryID,1862,-2058,-196
NiallHor5n,3093,-2182,911
wtvria,2681,-1113,1568
tradinginvestme,121,-76,45
raisandesh,2624,-906,1718
Iamtim05,2285,-2283,2
kennedikloss,674,-454,220
neeraj94268,30,-43,-13
Wray1988,118,-19,99
1004ko_,0,-3,-3
flapjackSTFU,501,-244,257
cravingsushi,1856,-624,1232
nakedfemaleselp,0,0,0
ligurigu14,0,0,0
xkyamx,2557,-2661,-104
Fuckitupbih,1058,-1568,-510
asvpxmarkie,472,-313,159
Tom_18Yards,2712,-1629,1083
hyphymaddie,1949,-786,1163
KusyiHirdan,501,-142,359
dromosfm,22,-2,20
TheXtreminator,1701,-911,790
mikelawrencetv,2829,-1443,1386
agrubowski,1621,-932,689
gorgeousdara,1696,-292,1404
Abdulra40884110,42,-28,14
nurainafiqahh,1791,-968,823
eifaismail95,1306,-770,536
Yoonginese,2354,-2605,-251
kirakira50211,0,0,0
WorldTweetNews,429,-26,403
journallism,1079,-447,632
Ninkts,119,-45,74
diandiyana92,512,-629,-117
Eaqcaainy,1376,-631,745
_MJloveee,1767,-926,841
hoelofofo,1700,-2543,-843
VikkyRozay,1878,-2345,-467
marvcxx,0,0,0
canadianpromo1,2686,-7370,-4684
mitzi_gill,339,-267,72
TobyTruong,11,0,11
MagebsCweba,103,-32,71
MuhsinBashir,2592,-1663,929
joablys,2225,-1453,772
bizzyboneee,1849,-2351,-502
Kana_Nelo,2327,-1300,1027
charu13,1801,-1207,594
rg_duncan,1058,-489,569
King_VNCEE,508,-223,285
rishhhh__,2560,-4844,-2284
anisahadzhar,1917,-540,1377
ABikerBar,83,-59,24
OFFlCIALTWlTTER,0,0,0
LanaaBananaaaaa,2721,-3147,-426
Ignacio46522992,4076,-1150,2926
sportsforyou,2335,-1125,1210
NoraJones121,2203,-390,1813
KesGai,2170,-1137,1033
___k22___,6,0,6
CurrentMommy,4170,-2007,2163
CeIestialUnity,3150,-1252,1898
941blankster,809,-3404,-2595
wayeu2014,3,-4,-1
_zahiranazori,749,-527,222
RentaloMool,2549,-461,2088
diskham,2332,-1579,753
MorpheusNI,1992,-2082,-90
FACupFactfile,2461,-521,1940
lazy_white,2304,-1569,735
chrisballup,1700,-3416,-1716
famousSaying09,0,0,0
FreakyTheory,32,-22,10
anilbhate7,5448,-546,4902
Dreooooo,2049,-579,1470
ianhefc1,2563,-2345,218
3sh3oshty,91,-45,46
lorenzo_aldana,1591,-1814,-223
gusom382,6,0,6
PandayAmrendar,20,0,20
up_rising24,1342,-1597,-255
welovebaddiess,1,-8,-7
SnarkAmendment,2481,-2249,232
slhb28377,0,0,0
willbond6969,40,-5,35
Litos_66,2175,-1264,911
ImEtienne,2223,-759,1464
Spongefan12,1957,-1085,872
Cisco_ThtDudeCM,1177,-1429,-252
ThaRealTimShady,2100,-1282,818
kimisiki,16,0,16
fifthharmo98,2984,-1008,1976
vanessaaguirre_,1214,-1057,157
dahkneeul,2144,-2435,-291
cut_the_crap_ec,2288,-2475,-187
WRRThinktank,7,-16,-9
babylavanya18,352,-12,340
SnooderPuff,1779,-138,1641
emaudhossaini,1354,-2472,-1118
DrumsRMyLife,273,-245,28
Adv_BRChoudhary,8,-4,4
NepalNews247,121,-83,38
SarahDiefenbac1,2476,-5288,-2812
inescastro3005,4,-7,-3
Just_Jass14,2580,-3915,-1335
riko1121lol,12,0,12
kelly_swears,2314,-1568,746
Goldenchild24_,1692,-2486,-794
Lars878_,1359,-1917,-558
CharbajofRodmen,264,-18,246
AnnaNooshin,5177,-427,4750
DailyQuestionB,2898,-612,2286
AAPkaAparichit,304,-471,-167
Freemanix,518,-303,215
bakemono352,0,0,0
kae_dotcom,1413,-602,811
iamtylertuck,2515,-1071,1444
dullaidan,2428,-2490,-62
__JordyB__,985,-3352,-2367
Austinpeak2003,842,-329,513
_Sc0rpion,1136,-848,288
giotini31,13,-4,9
GretaPrivitera,123,-63,60
TheNewsAlerts,0,-3,-3
ibiAtis9,135,-3,132
SarawagAshish,36,-3,33
BAMFsummer,1833,-2709,-876
lhynm1398,1911,-300,1611
EmmaTwist1,3169,-1222,1947
sandeepkbehera,1371,-1247,124
akaGOAT,2097,-1965,132
DeevElliott,2449,-1271,1178
impartialrep,2795,-1535,1260
proxbomb,7077,-679,6398
sleepinwithkayl,3248,-2254,994
choromatu_0127,0,-1,-1
EmmanZwaneSA,2059,-2174,-115
renreign,402,-198,204
KKB_MIN129,399,-77,322
nhL4qR1qoawj03Z,0,0,0
itskatface,3286,-5687,-2401
Daddyjackss,1204,-2329,-1125
OnPoint_sps,1468,-825,643
Nubbinator1,2191,-1348,843
Knowing_Smirk,581,-223,358
aqilamohd_,1057,-610,447
KiansSuperKitty,2915,-1620,1295
alshshamri0,3,0,3
LovarGirl13,3190,-2478,712
iDis0rder,758,-1013,-255
daeupcouple,381,-48,333
LoveArt_classes,4443,-422,4021
o_qay,991,-842,149
lovemvssiel,2423,-2269,154
PolYamoro,1317,-1103,214
meera_1004,5350,-594,4756
randomshandom,1576,-1158,418
young_swagg94,2873,-2341,532
ashRamirez,2487,-918,1569
Leena_Sen1,1121,-1650,-529
helloellenkitty,2375,-2726,-351
democracynow,1468,-2874,-1406
_malinworld,197,-77,120
gocchan1125,0,0,0
sjfletcherviews,1996,-2438,-442
xx_gerona,2667,-309,2358
DaVinciMadeIt,1269,-2261,-992
Isabella_coffey,1393,-374,1019
HaniiMF,1027,-277,750
hellarxckless,2663,-1276,1387
RimUnnie,2887,-844,2043
hey_chingu,375,-102,273
Noor09330702,2453,-1152,1301
candy_sioux,12,-12,0
Jose_Pizana16,2925,-2250,675
Keiara_Og,2139,-3632,-1493
miriammuigai,263,-46,217
Jawa_Thai_96,999,-468,531
y_alphan,51,-53,-2
vall2_,546,-324,222
blackron___,1561,-3783,-2222
RobertMNielsen,1757,-774,983
imsanjeevthakur,2560,-1090,1470
NoBeerGas,2891,-547,2344
BaddddieeeeKayy,1886,-5754,-3868
andyjsmart,2386,-939,1447
10kSilvia,8,0,8
crazydoru,312,-171,141
Heno57Wyk,2872,-792,2080
50shadesofaelha,1897,-1798,99
RACSgroup,2255,-73,2182
greeneco_caucus,92,-118,-26
evamariewinkler,3385,-2603,782
isalprime,1070,-251,819
Letslookforisa,2490,-2601,-111
OmKap00r,5470,-717,4753
NielGolden,2648,-257,2391
gongzhujung,2189,-1071,1118
Legendary_C,1935,-2828,-893
tangy_hd,24,-18,6
withexo12,1167,-238,929
alaa_alwad3ani,789,-330,459
johncon68,2851,-1565,1286
jX2l4NMb2fd8WtW,0,0,0
optimism_hd,2836,-1872,964
livebmorelife,1891,-2080,-189
SHADOWS18_,2426,-303,2123
TallyAnnaE,2032,-2820,-788
petar_bogdanov,5,0,5
lynnda718,872,-187,685
Kevyefc77,2617,-2220,397
ainanisyaa,1333,-371,962
lyght_skin,1438,-1090,348
yuta34230915,3,0,3
KIKI56421911,27,-2,25
paulbentleymelb,3343,-3325,18
AWallis96,2192,-1386,806
anistonspoehler,3541,-2269,1272
TheFront3,708,-180,528
JessicaChedid94,743,-431,312
ComputerBuying,693,-406,287
_felicityanne,1349,-645,704
lwtkitties,2012,-1449,563
1992dymee_,617,-238,379
MaxaTweets,722,-455,267
Rakanishu74,116,-104,12
amandawrate_,2619,-1717,902
tsu_tan0228,5,0,5
weather_phoenix,0,-1134,-1134
JonoBond,1937,-549,1388
item_boyy,1693,-829,864
Winter_IceCream,4443,-1193,3250
egitimcihaniimR,14,-22,-8
jaafar_aw,4364,-609,3755
26293stwb,0,0,0
Deisabelinas,127,-428,-301
TheRightCheek,4681,-1079,3602
fuwawan_a,0,0,0
kashiflion,4005,-1775,2230
TaylorLeeHodson,2323,-1842,481
CroydonGuardian,1728,-3798,-2070
OnYourDoorstep7,4050,-649,3401
lezz_tari,137,-30,107
pixiee1,9678,-385,9293
baekpicard,1780,-720,1060
DowSocial,3381,-2094,1287
naniariesgirl,0,-12948,-12948
AmandaFromSpace,2355,-1182,1173
RealAFG_Punk,1596,-1479,117
RatedRAZ,3158,-2155,1003
Seham66,104,-120,-16
montuverma1233,1997,-2389,-392
RockyLyzo,2702,-1561,1141
KautsarH,1550,-601,949
nonie_ndlovu,2682,-1901,781
Capt_Faisoo,2059,-784,1275
shinworld243,1397,-343,1054
sexy_blizzy,1566,-2351,-785
FatMacBrow,22,-27,-5
russettftjacks,1816,-1608,208
charayeee,2316,-2624,-308
mmeanmin,348,-91,257
Kingair87,116,-34,82
brityson95,2070,-724,1346
vivekgangishett,2906,-1503,1403
hamishtaplin,2954,-1300,1654
itskarlamarie,2054,-1859,195
UNOIMANI,2547,-2015,532
TheEverydayHome,2989,-257,2732
Rio_Trumpet_,0,0,0
kimneville2,16437,-115,16322
dopeboydarryle1,2898,-3426,-528
hotandspicyquan,898,-145,753
Catlockian,1525,-1530,-5
Gemeente_Veere,121,-168,-47
sabrina68,2999,-2010,989
Nze_chux,64,-60,4
StolenSweeties,2244,-2348,-104
babyjeneenn,105,-68,37
Fabian_soto14,2129,-1953,176
jojo2065,3331,-1288,2043
Vitaplankton,2,-22,-20
Queen_Aaliyah98,2123,-2657,-534
Irapirsun,14929,-363,14566
TimScottHR,3789,-807,2982
softball_bree_3,2734,-3146,-412
PegZor,263,-156,107
m9_fbq,6,-1,5
TheWiseJedi,0,0,0
DigitalTingle,7434,-69,7365
GraceWatts99,105,-94,11
Nerissajls,5230,-1005,4225
ohshooter,1668,-1415,253
yofellowgamer,816,-161,655
LoversMelbourne,3168,-993,2175
DonaldIainKerr,2160,-2180,-20
WhoisLynne,2019,-3322,-1303
choirillah,1835,-1859,-24
FIVESAUCE0F1D,2084,-2590,-506
shirimotokukita,2800,-284,2516
Haitian_Rhum101,1733,-1343,390
little_manuel26,501,-304,197
marjcorrea,1310,-462,848
khalidrafiq141,2079,-806,1273
inredlipstickk,2842,-967,1875
SLT_Phil,622,-116,506
UberLJackson,132,-113,19
TheMingTunes,3767,-396,3371
classyphil387,717,-3140,-2423
CorCor84,3387,-1618,1769
KTMsuy,1892,-2906,-1014
koyoboys1202,0,0,0
bobby2337,3174,-755,2419
Sossiq,2242,-1973,269
A__C__T,9,-3,6
hoseokkage,2953,-515,2438
jud_stephen,2751,-846,1905
shyamk136,469,-293,176
owejones,4550,-1108,3442
Betsy0799,1269,-908,361
T3aBK_Ra7H,0,0,0
writerssummit1,5141,-506,4635
hlumals,709,-243,466
saud_saud770,0,0,0
Curlybinature,2727,-2403,324
1Mohini1,1367,-1929,-562
tamaty_5,16,0,16
40pluss,177,-22,155
nddy_xvii,381,-305,76
cobyfahleen1,1958,-1865,93
83627slhb,0,0,0
Bethybea,2803,-2199,604
Breadfeet71,6,0,6
NorburyJoan,2640,-1370,1270
JeydTheGreat,550,-335,215
adidasftIouis,985,-1005,-20
_mmuzammil,1857,-1408,449
JoelleVote3,0,0,0
nyunyunSw,846,-119,727
JMRamos1701D,2002,-330,1672
dbigmark,2915,-1751,1164
vemmxx,1018,-1365,-347
LeeMinH0_,2571,-480,2091
OMPARKASHBAJAJ,1623,-1596,27
markesa23_,2222,-2764,-542
ughheaIy,2597,-1900,697
Chibimba,2425,-1133,1292
hadixciv,1400,-677,723
four2020four7,1984,-3216,-1232
arayifan,1699,-492,1207
Ganesha_Cakra,206,-283,-77
perttopp,276,-122,154
kmescha,3421,-739,2682
streborasaurus,2900,-1567,1333
PaManjaiSey,2252,-320,1932
ScissorLesbians,2123,-6344,-4221
KhadidjaBougaa,11,-11,0
neeneebucket,2863,-1181,1682
maumau1117,0,0,0
StellaPagnanell,5,-3,2
asidfng,122,-51,71
HitCenterRadio,1849,-856,993
_NayanSam,4190,-733,3457
nocturnal834,547,-388,159
foreverokay1,76,0,76
porcdmkub,3,-7,-4
homoxx,15,-1,14
nuraryshaa,1762,-962,800
aripazmi,1742,-1774,-32
bboogie502,1773,-1696,77
GeorgeEarley,3365,-2270,1095
enricodellolio,48,-18,30
soma_w,326,-66,260
CaptainSunstxne,147,-96,51
JustaPlanoStore,18,0,18
826_ll,761,-419,342
nurulzulkflee,2126,-1737,389
ohitspage,2787,-2576,211
BrianaRenee22,1825,-2159,-334
R3n_chen,2180,-723,1457
Str8OuttaBessma,2308,-3020,-712
CllrBenCurran,5572,-1151,4421
frozenfroot,1738,-2442,-704
crybabyanakin,2084,-2546,-462
EraHaxhiu,3194,-1044,2150
Ramya_Iyer_,1427,-1581,-154
RealHumanPraise,4569,-932,3637
sharrenee1,2659,-1687,972
Henry_Gunn,1781,-2328,-547
JuliettaMoors28,85,-44,41
SarpAli93,2839,-2350,489
hihouoresi,0,0,0
SalmanBukhary,3021,-3175,-154
Farrah_Aqila,1309,-844,465
authinfo1,0,0,0
artmartin57,2276,-350,1926
kylejacksonnnn,2431,-1542,889
Corina_55Rich,0,-4,-4
Hyperxctive,1376,-1046,330
NoFeelinsBihh,1875,-4577,-2702
06235jcsa,0,0,0
ItsAmiraaaaa,1763,-2616,-853
MichaelEging,2917,-1143,1774
NorwichAnnette,2226,-1247,979
MargaritaGubich,0,0,0
wilcjosh34,2155,-827,1328
JunJun830ARASHI,0,0,0
Its_About_Peopl,4690,-933,3757
UpasanaGagan,3782,-254,3528
mala_mute,1457,-1272,185
LeeHillerDesign,3016,-778,2238
Emirra_,1067,-689,378
YEscarda,2748,-316,2432
__mnnnn94,210,-54,156
nuranshahziran,1338,-529,809
attarnata,7,-6,1
KathleenWarbul1,2555,-1503,1052
DocsBrewShed,0,0,0
nad_ym9395,1455,-416,1039
rubenftoned,300,-435,-135
ShamZayaFan,4666,-915,3751
minafurr60,2069,-622,1447
Ggdnx,6,0,6
Iarriebadwi,2293,-1638,655
expatnetworkltd,2138,-327,1811
FlightstoreUK,1412,-147,1265
FitsumSiltan,2312,-1228,1084
CBExchangeUSD,0,0,0
FloiFlores,3234,-250,2984
RawrGrey,1493,-349,1144
ArleneBabanto,3406,-383,3023
appl3shampoo,2167,-1821,346
SwindonGreatWar,1312,-267,1045
truffxle,1499,-1253,246
blaknblanca,2167,-1927,240
ZaneTaughtMe,2010,-2040,-30
shinramyeon,3187,-1156,2031
VibingOverHoes,2092,-2729,-637
SharnaHodds,2046,-1914,132
ShadowWalkerART,2924,-1480,1444
fvckhoes,533,-745,-212
zuiraatck,20,-4,16
zuziuunn18,56,-16,40
Levo_Ludwig,3,0,3
TrapApprovedChi,1642,-1645,-3
httphaki,526,-237,289
kostyabartender,0,0,0
fuhzn,1843,-2543,-700
manchesteraom,281,-73,208
ddomaincctv,0,0,0
Aliceluv___,1630,-1529,101
heatha_feathaa,4178,-1158,3020
ash_foxxx,2890,-1768,1122
flawfuckinlessa,1568,-1299,269
SandiyKRW1,241,-90,151
kocroofrepair,1425,-478,947
YopaDealz,612,-316,296
Oe_lyba,1075,-428,647
azrulosem,497,-232,265
ala_cathy,2003,-221,1782
beamanusig,3271,-330,2941
RanaOme80877361,0,0,0
energygaze,1240,-1199,41
slavedsissy,1594,-5709,-4115
Indori_baba,924,-904,20
victoriaahh__,2360,-3215,-855
rugbicatala,351,-197,154
fhasafadilah,315,-239,76
OMG_ItsTasfia,5,-28,-23
Lauragraceshaw,1872,-1742,130
KleinesFenster,348,-273,75
putrikhawa,1154,-1008,146
Barney_Jordaan,200,-113,87
nautikaaa__,1751,-3564,-1813
ShinnyJazz,2176,-226,1950
RoaaElfawal,1378,-928,450
mikethefilmguy,3528,-519,3009
TimfanyHW,203,-54,149
AM_Angelss,893,-290,603
mujerdesol_,2652,-3704,-1052
R2abcc,0,0,0
BotSez,3652,-1884,1768
WPrimary,813,-83,730
yuuna20021118,7,-4,3
tuihainohoshino,0,0,0
almazsithole,1537,-1419,118
hagar73105311,324,-79,245
azrenazlidaa,1690,-1039,651
Bezzeganya,285,-10,275
FireBugGroup,1383,-877,506
Subhas_86,3796,-241,3555
ggbertsch,521,-803,-282
flukefikk,61,-27,34
elkhamisi90,27,-10,17
bresenpai,2255,-3148,-893
AriniKalsum,1393,-201,1192
gargathlupus,2913,-1642,1271
isaiah777d,64,-41,23
my_sweet_medusa,2287,-1700,587
totalfinchelfan,2707,-775,1932
bleonamarkashi,1796,-2003,-207
sevenstar_xx777,1,-3,-2
AwesomeLoveMsge,467,-295,172
buba_call,5,-8,-3
GuilhermeRosely,64,-706,-642
martinezz99,1486,-3681,-2195
bikinicrush,1731,-780,951
VinsArnal,149,-196,-47
ToryStory_,2025,-2311,-286
juliensueres,1374,-1148,226
hitler_manxane,746,-933,-187
OrtonGirl,2629,-833,1796
reeeeeemz,924,-1258,-334
Ji_Rupesh,843,-534,309
CheckTheMonster,864,-644,220
Rahy_alain,18,-18,0
alisonlikw,1220,-314,906
chanbinsuc,2227,-1787,440
Gr3m1in101Xbox,333,-238,95
nanoOosh97,0,0,0
axelaudin,320,-95,225
rk6224471,2297,-58,2239
GloGirlShante_,1854,-5839,-3985
mic_kae,1925,-1617,308
perfectkatty1,3684,-791,2893
kiran6475,863,-786,77
kenwhaless,315,-429,-114
JFUEXIST,1011,-987,24
victoriasoigne,1753,-430,1323
mixinme,1463,-532,931
MobileLeaks,1923,-852,1071
JewelNiles1,1759,-423,1336
YoubidderJeff,5122,-506,4616
EslamsHemida,0,-2,-2
csujarosabella,2524,-6961,-4437
irenebolus,521,-348,173
DunhillJolo,1877,-677,1200
WordsAndRouge,2721,-1276,1445
hikkkkaru1998,0,0,0
RWRealtyCo,2149,-364,1785
Ahmad_Alouda,20,-3,17
PX_Eunjin97,428,-52,376
iysin_warda,1335,-1071,264
KristenBerg21,2936,-1269,1667
omaru_084,4,-15,-11
Sexy_Party_Chat,0,0,0
questionforall,2155,-2151,4
BibleMissiology,1134,-500,634
HU_SAY_INN,210,-91,119
SteffahnRashaud,3749,-1073,2676
SasaSjt,273,-186,87
legality_sugar,0,0,0
PNCGuam,1264,-2484,-1220
accsobon,32,-4,28
__metn,77,-90,-13
lesley_bonds,2187,-710,1477
ardrigh,2467,-2173,294
Halecksis,4079,-2249,1830
didakou,47,-65,-18
AaronShalanWebb,127,-49,78
WBGRSports,1992,-699,1293
munnibarua1,3255,-605,2650
MusicEllis,562,-640,-78
eccentricherren,2155,-1414,741
ISASportEast,995,-11,984
AkmalAnwari,1817,-715,1102
ehealthandfitne,1623,-1055,568
WillianFagiolo,412,-244,168
aberkenbush,1898,-2323,-425
JustCallMeFlo,1105,-919,186
Chadderzx,2319,-2370,-51
Finnopuntnl,2354,-853,1501
stwb29424,0,0,0
h0tlineblx,420,-171,249
hey__grace,2541,-2310,231
TrickTreatOrPic,2865,-2947,-82
HMamawakeesic,1356,-399,957
datucaliyasmin,1417,-464,953
golchin15,771,-1319,-548
buleefa,24,-21,3
BadaxxPrincess_,1351,-1263,88
connorshuff_,1860,-1639,221
IamZee08,4383,-1510,2873
Aaron_Kyte,5341,-43,5298
a_ko2001,0,0,0
ifirdauzz,701,-419,282
fucksxxx,3233,-12932,-9699
baekpup,1617,-785,832
love8ter,2298,-1696,602
Dino1Works,104,-116,-12
Justthatlighty,379,-296,83
83526slhb,0,0,0
UnionpediaPL,3,0,3
ashtonclifford8,0,0,0
annexflames,474,-401,73
kikkinkaz,640,-16,624
NicolesRAW08,2542,-2865,-323
xoxo_jmjm_xoxo,865,-171,694
fightfor58,6390,-3250,3140
mariusLAN,1098,-1312,-214
iamjanejetson,1409,-1176,233
see__me__now,1521,-2311,-790
TeamSantorumMI,3374,-1381,1993
Phemmy_Phemzz,2691,-969,1722
LikeAGeminii,3073,-4347,-1274
_DiamondLanae,2164,-3620,-1456
zambon23,4270,-941,3329
ako_niconico,0,0,0
theyscreamfree,1723,-2122,-399
maddogfitz,1679,-2362,-683
mix101radio,706,-407,299
thescarletttbee,2652,-3841,-1189
TheBeautyPageAU,3541,-868,2673
_xoale,2125,-1982,143
kanyeftkanye,2126,-2359,-233
cassandryjoel12,2058,-2909,-851
KinjalJogidas,3769,-820,2949
JasmineDarIing,2566,-1734,832
r_zx,16,-17,-1
BeckkyHackney,2186,-2701,-515
MotoX015,978,-385,593
mikixkaipat,2680,-2553,127
LuvExotic,1837,-1288,549
DynamicFrize,2227,-685,1542
mariacaria123,9191,-119,9072
Nerd_O_Geek,1796,-2233,-437
ginsanpedro,1180,-443,737
ange_1056,0,0,0
signaturelawley,1847,-1276,571
zanzouna000,56,-9,47
beckiallard,2505,-1662,843
Mommy2Be__,2539,-4665,-2126
tfj4i,1631,-1172,459
shameerrrrrr,1127,-534,593
KalpeshBahuguna,200,-88,112
Grace_Chivs,2322,-1327,995
WahziC,1981,-485,1496
vinmc1,3633,-1056,2577
aliamiftha93,1154,-302,852
MamaHaidee,2725,-283,2442
Scherzocoatl,2440,-2306,134
knteroristard88,0,0,0
happytreze,3151,-367,2784
TagTheBird_uk,3702,-2144,1558
kaah_madden,873,-575,298
LuciferHemmxngz,3368,-2055,1313
014433Ae,3,-6,-3
hippoasf,54,-49,5
Tjsalce,3032,-2624,408
SandraRodkey,3341,-1769,1572
Waavveessss,3367,-4108,-741
iloveniazkilam,2730,-1677,1053
ariam_yo,3050,-3776,-726
devonnelovati,0,0,0
moosenshoes,2134,-563,1571
WisdenCricket,509,-191,318
shazleenk_,1716,-1036,680
Dtx9kH,6,-5,1
ShaikhaAlSh6i,0,0,0
devans00,2703,-1943,760
worldpeacerocks,864,-1494,-630
Talkinheavy,2150,-4089,-1939
OluwayemiTimmy,2532,-2856,-324
jzmahmed,105,-72,33
AnpNaoto,0,0,0
RoyalThough,2191,-861,1330
xxx_xxx_TFxxx,0,0,0
scottsfishnchip,5904,-424,5480
JonJonsnow3333,922,-552,370
NPA_Best,3220,0,3220
eehyad,1060,-164,896
joudalnouri_,139,-34,105
helenthienchen,2073,-2094,-21
AntonyTiernan,6001,-1028,4973
slhb28531,0,0,0
fajznl,1450,-1522,-72
sciablu_iride,778,-452,326
courtneymoran88,3186,-1088,2098
gabyzzy1,0,-1,-1
Cheekyoziechick,2610,-4427,-1817
HuhWhatsACondom,1708,-3955,-2247
bookkob,4,-9,-5
frugalmaniac,5568,-278,5290
yvonnebrill,1437,-819,618
tylertasse01,200,-207,-7
mitkav,67,-79,-12
efs1999,421,-213,208
nayntipor,1767,-903,864
1DVideosPROMO,0,0,0
riseflatline,1255,-2866,-1611
UWreThatYestrdy,1692,-2824,-1132
suzzlowp,3058,-2065,993
JoanneMaria9461,286,-260,26
Steves_brainbox,2692,-1211,1481
isola2000,1583,-246,1337
theinfluenceee_,3028,-5066,-2038
GHSH_SF,2352,-4257,-1905
SandyLyon7,2613,-1499,1114
nadeemK87,1647,-1319,328
cdorso,2669,-1067,1602
Helios_Solution,713,-96,617
WhatsyourAcca,2073,-784,1289
Kerrym212,5873,-475,5398
keisha_souza,731,-683,48
Kento_HN,0,0,0
YL_GetEm,584,-1170,-586
ka___shironeko,0,0,0
nkogixiw,54,0,54
IdaSyafinaz,1133,-532,601
spykelvin0071,44,-7,37
highfee_classic,1267,-919,348
john_valle,15,-5,10
happy_leving,124,-69,55
anokye__,2185,-1369,816
Livefromthe_G,1601,-4254,-2653
GreenChasers,705,-1088,-383
105creative1,109,-27,82
hally_beth,2865,-2666,199
lisyaann,176,-68,108
07849jcsc,0,0,0
ptabanguilbea,2039,-1200,839
luckygiven89,2750,-1951,799
MildlessTN,500,-53,447
tjan_009,2797,-842,1955
ZeeeZuki,1753,-1240,513
MjaySkillz,2850,-3946,-1096
BrianCloughGOD,3064,-1271,1793
Bk67085276Bk,0,0,0
mombot,1143,-1476,-333
ritajaghiil,2374,-697,1677
myrapyala,1361,-376,985
iamCarolSan,2663,-263,2400
_janinnee,1793,-2029,-236
raddoquaye,2063,-1700,363
The_curly_one1D,1572,-497,1075
epicwaves,2116,0,2116
yun_s2trick,0,0,0
chrontelli,1796,-3064,-1268
fashionpansy,2393,-963,1430
beccahaycock,243,-207,36
kylamariiie_,1879,-991,888
xItsveebabyx,2634,-3773,-1139
mtluckylove,287,-209,78
zikri_isa_,505,-298,207
___SheIsLove,2916,-3674,-758
SoniyaaaTweets,2385,-1806,579
OliviaBohuslav,2769,-1519,1250
Peach_Pimp,2278,-3314,-1036
maya_SP19,57,-130,-73
miamichelle_amo,2833,-404,2429
AhmadSyahmiAfiq,485,-377,108
jacderida,2664,-1847,817
diegodelrio41,1721,-2423,-702
smooth_whisper,64,-156,-92
lorjsingle,2554,-337,2217
celiasm9,363,-147,216
newyrkbitch,7,-2,5
SuperSoftKnits,2063,-342,1721
83871slhd,0,0,0
AndrewFan15,3495,-1314,2181
deepaks82,4356,-3149,1207
nadirbradford22,682,-636,46
_xo_bba,10,0,10
Milk_AnooY,489,-85,404
kezia_hall,2445,-2285,160
fIeshkitten,1880,-1852,28
EllaLabor,533,-73,460
shoootig_stars,3,0,3
aGooSelife,2275,-2149,126
Psychpunk,2787,-2249,538
whatsonkroq,1133,-1893,-760
Omobaphilzy,1807,-1227,580
abdonajem1,4,0,4
FilonevSuper,0,0,0
Kissmyk__,2058,-4224,-2166
ShiroSAafam,6,-3,3
itsmaristela,2868,-329,2539
_plumx,3795,-2059,1736
TearofGrace,2213,-2430,-217
wawatasyaa,1128,-359,769
MathhabMadinah,11,-4,7
VikashInsan2,3028,-229,2799
HariSandhyak,1012,-167,845
BarbaraJJersic,1002,-106,896
gvyavyno,1471,-1451,20
LadySadie66,5154,-657,4497
02093gnlb,0,0,0
lion_ken101,1393,-420,973
Zakheav,428,-719,-291
typicalxkimmee,2200,-2156,44
8_msm,173,-43,130
dipendrabista90,20,-12,8
farhankz0090,1338,-809,529
Emu_bear,1952,-1481,471
KrishnayWorld,2007,-1105,902
FeedPhilly,1669,-2597,-928
twittoru,18,-7,11
EstefaniTobar1,1556,-1424,132
eBayTrending,2218,-135,2083
alle31003,0,0,0
wildhestyles,3394,-1841,1553
TicaraDevone,2979,-1177,1802
CptnAmirul,996,-542,454
purposejbh,2200,-1574,626
Googoons,312,-86,226
NeuvooNurWas,1743,-390,1353
Vist_Deals_7265,816,-225,591
nyakamitrpg,0,0,0
PAK_SuPerr,313,-187,126
king31547,0,0,0
ModArchitecture,4772,-740,4032
__EndlessHope__,222,-142,80
Phantom_Delight,3098,-1579,1519
carlaojousama,1213,-1039,174
shafiq_amin96,909,-551,358
Toby73588,0,0,0
cespedeeee,1955,-578,1377
danbies_stories,45,-37,8
LennyFaceBot,1054,-1125,-71
26142stwa,0,0,0
indberitanews,145,-73,72
khokhah00algham,5,-1,4
marzrasid,69,-16,53
Emilybrzozowsk1,2630,-2092,538
VictoriaDevone,2107,-2786,-679
emmamarie1001,395,-362,33
hinatyan0303,0,0,0
Ke_ISTHADOPE,1446,-3287,-1841
TamaMRN,4231,-790,3441
NllCK,2502,-4417,-1915
Dakotasim_8,2808,-1054,1754
webdesign7000,1926,-92,1834
v_monachus,17,-15,2
abeba04,1244,-375,869
StarYaki,1475,-145,1330
thebearkk,334,-89,245
EDMCgtbt,0,0,0
utopianindigent,1450,-2652,-1202
dorothy_cocoa,0,0,0
alyaajamalludin,1512,-748,764
rinahadweh,2487,-2010,477
DookieReal,740,-535,205
Paz4asec,2604,-2006,598
IlCorvinus,2586,-2936,-350
AleaseElling,2817,-2313,504
BarendTreep,447,-362,85
Blak_snow,4,-4,0
Sy__bongbank,236,-91,145
_punyu_omi,11,-4,7
Tia_Tommo,3261,-1116,2145
JeremiahDeKruyf,2205,-2127,78
LovesSpike,920,-121,799
atiyahakbar,959,-235,724
ZombieOmiYT,518,-257,261
IhzaAprilian,514,-54,460
ldlms_,2908,-842,2066
TattednFit,737,-633,104
MrStubbsSays,4678,-233,4445
KingLife_Mello,2051,-3023,-972
JustinSlayedYaa,369,-101,268
07495jcsc,0,0,0
faizzakaria,1007,-381,626
SidSuicide,2803,-2729,74
afeeq_azamuden,873,-484,389
M_b0ssman,2840,-1122,1718
ImNotParker,1973,-1904,69
becker_francis,3215,-778,2437
salwa11dxb,751,-241,510
jashinnnn,1716,-250,1466
TdroSNL,925,-2835,-1910
04344trda,0,0,0
aisha_alduaij,365,-61,304
BernieceBryon,3651,-572,3079
mishcousin,4882,-3304,1578
KingTre_24,211,-315,-104
daesiif,38,-6,32
Antt_2Real,2263,-1929,334
nksa201521,8,0,8
KESIGAN10,1964,-2049,-85
HandmadeDiva,3094,-1228,1866
Saltybend,204,-154,50
YamiletSoto_,1202,-1039,163
Dolly_World,1983,-3498,-1515
TNEWSTV,10,-8,2
basulto_tee,1897,-1785,112
WCHamilton,1392,-1276,116
petit_214,5,0,5
Conspirazzi,1952,-1872,80
UKSOPRO,3294,-491,2803
MaameAfibaBessa,167,-43,124
kittenhobi,3644,-2157,1487
rovirgo,3372,-425,2947
AyeBigDaddy,2119,-3968,-1849
queenisaaa_,1985,-1870,115
PhandomsAccount,2227,-1671,556
johnmillward,4333,-1751,2582
dollfaaaacee,2464,-2099,365
ManOfTommorrow,2646,-1553,1093
ErinEHutchins,18,-4,14
BestonMachinery,422,-450,-28
Halestormsports,2689,-1879,810
Mburgess2591,199,-49,150
m0chamami,2172,-4994,-2822
Luv_3s,14,0,14
FayeQuirion,1527,-307,1220
Zlatan_Son,2021,-1828,193
EnglishmanSDCC,2785,-907,1878
GanDianePotter,847,-175,672
___________mani,728,-1018,-290
ng2_online,2339,-1218,1121
el_debargee,2144,-990,1154
Blazin267radio,1260,-778,482
archange0815_oO,0,0,0
poisonouspig17,2405,-2729,-324
PeterMcGee4,927,-312,615
Shereena__,1913,-826,1087
maaarylzl,1831,-1345,486
SoClaimon,157,-312,-155
fubukitv,652,-183,469
danychizo,686,-846,-160
shanbryn717,1676,-140,1536
uunikitty,2624,-1221,1403
Aamanda_MC,190,-52,138
Wendy_N85,1526,-15475,-13949
Tobie_Khensamph,4619,-937,3682
calibraskabeer,2293,-2001,292
ConsciousMax,3864,-2754,1110
BoixVite,20,-1,19
Whoosmnyc,1859,-2426,-567
121471rose,2667,-333,2334
ellenmrt_,1168,-521,647
kras,135,-251,-116
pushpakmondal,876,-62,814
F6_osomatusn,0,-2,-2
kathy_underhill,2487,-1524,963
YaBoy_TreD,3243,-945,2298
alcanarlove,1577,-508,1069
MarilynRamsey12,1540,-817,723
bts_eatjin,0,0,0
bonniebluebell2,3509,-1405,2104
blssblog,2140,-1094,1046
Oscarrcray,2504,-5641,-3137
J_3FW1,0,-3,-3
wawan309wsn,202,-99,103
nollyebuka1,1168,-1980,-812
Shaileshrsingh,3268,-667,2601
seemaTaneja7,4954,-303,4651
OzzySourius,1357,-930,427
DorfmanNancy,0,0,0
KamanuLea,5224,-805,4419
Daleonora20,2791,-331,2460
KotLguy,2978,-1073,1905
NwajiugoG,1418,-2642,-1224
georgekirszenst,2167,-482,1685
ISLTweets2015,5379,-373,5006
ErinRhewBooks,3785,-417,3368
DeeMazinn,1769,-4435,-2666
justthat_dude,2179,-4670,-2491
BiFiorillo,2508,-1216,1292
jain1291,2450,-616,1834
qqhhq,0,0,0
ilovekatarina23,2089,-884,1205
IamKATwoman18,3360,-443,2917
vxnillareo,183,-55,128
JozayCHI,2599,-4089,-1490
gailslgd,4191,-1272,2919
_kristyk,2010,-2131,-121
MLFOHAY,1193,-693,500
attsu143,3,0,3
CharltonBlogs,2353,-315,2038
kezzarick1,15602,-212,15390
iTunesToday,2622,-551,2071
Javon_197,2067,-5063,-2996
charmed0805,3622,-531,3091
me_llamobri,2820,-3507,-687
ajayazad,2224,-2811,-587
tannieyurrhh,2556,-1349,1207
assir_yoj,622,-137,485
awesome_letspla,1660,-1037,623
i_3zzat,84,-111,-27
Saikaosomaths,0,0,0
befourussett,0,0,0
Ronnion,60,-40,20
SuzannePagg,2722,-1746,976
jonahalcalde,2087,-1980,107
NicoleR_1D,2109,-540,1569
DJNeonty,247,-92,155
_Drsill_02,0,-1,-1
y____snj281,0,0,0
ipethzxs,447,-126,321
OYFF2tQRykXy1B9,1,0,1
fantasticmaine,2867,-496,2371
Gamer4life123,2517,-1290,1227
nicksvill,1186,-495,691
mumme913smcc,105,-17,88
DevenSaluja,878,-381,497
coletteelise12,2839,-2522,317
maryh1980,17672,-287,17385
Kina3000,2403,-2686,-283
LudeyLu,2104,-3339,-1235
marydominique31,1528,-554,974
JamesTurnerYT,374,-108,266
MarcVegan,2488,-2132,356
__DL__ruki__,0,0,0
__marriah,2179,-2283,-104
HilalDarwish,62,-69,-7
allofyourcharms,1879,-1958,-79
77_boys_,0,0,0
AllRockLyric,2894,-2302,592
Ivyft1d,1646,-726,920
LancDupree,2152,-1389,763
BLXgtbt,0,0,0
ArticlesOrg,3309,-725,2584
akamuff,0,0,0
maskadult,515,-659,-144
_LoeyJee_,2366,-2215,151
AlondraFlowerss,2590,-2024,566
blackinfonow,670,-2026,-1356
sxdbxnds,2251,-925,1326
BigSmokes5,1720,-2000,-280
gto9797,1366,-1457,-91
BTeknologi,108,-132,-24
2cmid81,12,0,12
baekhyunee_kkh,118,-18,100
amnhsn_,1917,-1777,140
NicKanali,2996,-1096,1900
heatherantoniaa,2844,-825,2019
ainpuad,2022,-922,1100
MetroUK,2218,-3305,-1087
TokUncLes,1819,-1221,598
chjawe,1850,-3187,-1337
SayNoMisha,1691,-2640,-949
mogmog_jeongah,0,0,0
arfry68,2470,-4413,-1943
stephaniegiana,2936,-930,2006
whyquise,1679,-3165,-1486
JeontWonu,322,-118,204
Noble_Awo,2731,-1590,1141
OregonJoyce,3899,-1175,2724
NurseAshL,165,-113,52
frishee,2634,-1455,1179
sindikat378,303,-118,185
BonjourHomecare,5174,-620,4554
Melika06,41,-54,-13
tapkool,327,-209,118
KevinAughney,2128,-1860,268
mattdillion14,355,-147,208
AawaraBhawara,1162,-2547,-1385
loserkid745,3295,-5429,-2134
skyfsZ30,42,0,42
thibautbriere,1163,-334,829
im_manchari,0,0,0
_DomTheCak,3174,-3775,-601
tinkermalik,3062,-3024,38
Herildo27,153,-47,106
wena_vertudez,2074,-896,1178
Thokozany6,3043,-862,2181
wahidmandera,659,-132,527
LilyVJohnson,2574,-1627,947
pedrossa87,685,-271,414
porikits,30,-7,23
tanedocloei,1255,-962,293
technician_2,1376,-1563,-187
rubynymphy,2222,-1826,396
RyGuy176Bot,1011,-760,251
maaariko23,0,0,0
KylePogi7,6,-5,1
SalesHarrington,4957,-1015,3942
mariamodes,218,-7,211
farisahiwani_,928,-375,553
ItsMme93,91,-75,16
AmandeepKumarI4,1286,-100,1186
Sibiliuss,50,-17,33
ttt1dt3e,332,-73,259
murano_turunza,221,-122,99
CrisHorwangV,358,-53,305
QueNajihah,1455,-573,882
RainbowJizz_,2219,-1909,310
Sfdaminat,868,-1872,-1004
richardcommon,345,-133,212
angelinedpapa,1067,-242,825
9inety2era,2714,-5296,-2582
sicilianxbutera,2054,-380,1674
HarrisonxGeorge,2063,-1189,874
HSLovesYoou,2253,-1782,471
beebopdoopwhoop,2100,-3208,-1108
its_our_moment,3902,-970,2932
InsatiableS0ul_,1898,-1594,304
mrmikecable,139,-40,99
anishamariexo,490,-389,101
NonSuliman,10,0,10
fa_sho362,1673,-760,913
06716jcsb,0,0,0
signmarkmusic,853,-60,793
SpauldingFaith,1966,-2579,-613
taboouv,83,-9,74
Lperera28,2277,-2454,-177
clutchplay,2501,-1429,1072
fxgestal,440,-78,362
2alaaOmar,192,-20,172
brevamo,1256,-836,420
NostalJae,2152,-840,1312
M01AE,45,-7,38
jiwonmin,501,-218,283
nylonordeath,3114,-2933,181
saveveniceca,108,-125,-17
McloughlinTracy,725,-58,667
Goldenkookie3,1315,-869,446
phillipsjoe27,2518,-1488,1030
jassass25,1877,-2785,-908
MarzenaSinger,975,-203,772
joolsmagools,427,-396,31
TheFunnyJock,1585,-380,1205
ByFVCsMxhal6p1A,42,0,42
Ch_Sameen,471,-321,150
symmrski,1570,-871,699
mnouman826,1544,-1110,434
MJownsmyheart,3568,-2188,1380
_lauzz,2240,-1965,275
promiseIwt,562,-148,414
Magicspelljoe,579,-94,485
FROgtbt,20,0,20
AbdullAlQallaF,196,-102,94
ElliotKent10,2138,-2353,-215
CliffHCohen,1417,-1263,154
denisee_DGAF,2529,-1964,565
SaintPatBeatz,1922,-3369,-1447
Ouwe_Rocker,154,-537,-383
achievechange,1847,-2805,-958
Pardon_This,2357,-3167,-810
kaddushem,1651,-595,1056
ayulnews,3093,0,3093
ryseex3,1513,-1947,-434
fyeahxjmin,6,-4,2
lovingsrose,49,-31,18
the_liyanage,2077,-1346,731
3hdoH,133,-30,103
n_ruetai,470,-123,347
JiKJS,1637,-91,1546
abhirajbabbar4,3829,-336,3493
pero03171113,0,-1,-1
jqmdjjojtpn,3,0,3
__RANKO_KNZK,0,-66,-66
_fxrxh,1533,-1072,461
RealAbdulQadir,2044,-2524,-480
raffa,78,-89,-11
fadedcurlsh,7962,-610,7352
ArthurMercier1,0,0,0
genclik3251,12,-135,-123
WinfredPerrin,6,0,6
JournoMathGenij,1070,-449,621
famishadnetwork,2380,-984,1396
MariaPeggklu612,633,0,633
sumnerlauzier,1824,-997,827
DylahhhEylaaa,129,-70,59
imfathimapetilo,2391,-311,2080
punexoqojuh,831,-882,-51
RkPotdar,1253,-777,476
highs_over_guys,1913,-2355,-442
_dalel_,2422,-2488,-66
SheilaBeaucham3,1154,-448,706
NeuvooGreatSud,948,-134,814
05067lktb,0,0,0
irishtan26,908,-292,616
marqbtiah,1010,-497,513
Amelindanso,3584,-706,2878
zeus197835,4362,-1218,3144
yoruru_chan,981,-677,304
KSQR,2912,-1200,1712
kalish248,0,0,0
thesimplynando,2289,-750,1539
RC_DIGITIMES,1212,-441,771
16Alyana,509,-24,485
rosalie_umel,3177,-288,2889
ahrefio,1418,-1530,-112
yrn_mikel,1819,-2041,-222
MotorolaSupport,5,-2,3
mali_zaw,0,0,0
XXX_Glowiee_XXX,2035,-1329,706
71jonathan71,69,-3,66
Sez_Lezz,2126,-1922,204
EngagementRz,7999,-8,7991
Br1Giordano,13,0,13
Rohappy2behere,2412,-1860,552
akporugo247,1774,-1958,-184
prillybell15,484,-73,411
Esquizza,471,-283,188
Xiaotian_J_Cao,579,-338,241
christianityAB,1332,-434,898
TaufiqAdeq,1344,-688,656
afwan_97,1178,-556,622
dambuhl1,9,0,9
mira00__,1420,-797,623
AllegraEstrada,950,-552,398
iklankalimantan,725,-231,494
justin_sego,2837,-499,2338
heimish_jhw,46,-5,41
guntswa,468,-193,275
PurpleQuercus,86,-41,45
hkWaEHiPxtmcnkh,5,-4,1
DjKevhopcroft,358,-105,253
TimothyAlex,3057,-1023,2034
SpeakerRepeater,90,-1,89
anik_listanti,253,-93,160
kaoru9999999,0,0,0
KenzieAle,2004,-3173,-1169
itsangelfool,1827,-2648,-821
bxtterflyashrry,2358,-641,1717
wataru_eguchi,3,0,3
an_wera,1199,-742,457
sajid_pakija,5,-3,2
NikhilVete,3655,-314,3341
TedZzqtd,53,-3,50
SupaSaiyanJoshy,585,-861,-276
KEYselekTAEMpe,816,-187,629
AsiaBizToday,42,-2,40
nyafame,476,-712,-236
bawazir_tech,347,-50,297
babi_scar,524,-417,107
NtesatBrownson,1713,-3229,-1516
broganreese,314,-236,78
JSKonst,107,-82,25
HeriSkyy,820,-127,693
mdatfff,1080,-337,743
auniauno,1189,-473,716
DoloresTabor,1147,-204,943
ThatRapperKidd,2080,-2751,-671
Kang_JB,0,0,0
nonahh3love,1943,-373,1570
frankjnrcoetzee,710,-344,366
KayyyHunt,3323,-1469,1854
EdwardARowe1,1915,-2763,-848
SimplyNails_,5398,-314,5084
nurwafaaainaa,1680,-1109,571
welawakatapissu,20,-5,15
ebykangleon,1882,-752,1130
edmontonjb,14133,-514,13619
nicoleparsonsx,3074,-1428,1646
xoloveshira,1758,-1275,483
pacoyo07,1269,-465,804
Elsie2127,2009,-3904,-1895
bicepious4494,2314,-2468,-154
Ojemabosco,1217,-285,932
Rachaelmacphee,340,-143,197
PennyBramwell,1932,-1728,204
Amirferiztan,1908,-1685,223
Anony_Mia,2060,-2373,-313
merinnx,1296,-830,466
ChesterBuzz_,4193,-638,3555
Sparkle_Core,3941,-532,3409
Omigan_1206,0,-1,-1
TweetQureet,6850,-410,6440
B0NERDALLAS,1455,-833,622
Keeffie_,2476,-1732,744
iniharithlah,508,-267,241
heidisolorzano,2172,-2663,-491
mmardanu,144,-45,99
R__N_EX3,16,-1,15
firiechick1,277,-227,50
romosfiliras1,158,-135,23
_LEXbehonestt,2613,-2424,189
mznaalsuwaidi,67,-21,46
xtoKid,60,-118,-58
IAmGKennedy,2442,-827,1615
Eontheboards,1591,-3225,-1634
_bornKING,1990,-1431,559
raaanyon,2446,-901,1545
Sir_Pacquiao23,2517,-2346,171
___Envyyyy,1487,-4329,-2842
thexisakisss,2610,-1164,1446
domthenut,106,-29,77
ella_patano,919,-296,623
BethanyMoran,3673,-1545,2128
DeadlyReads,4596,-911,3685
kuliroberts,2139,-1516,623
notttmads,267,-403,-136
TayBandzz_,1482,-3899,-2417
findselltrade,785,-68,717
PaulMLangham,2582,-685,1897
PatilRanjit7,0,0,0
Vinnyouz,333,-37,296
SEI615nagi_love,25,-19,6
Zicobobangel,2679,-2268,411
SallySaunterton,2850,-692,2158
542003Khushii,69,-9,60
TheJollof,89,-107,-18
elisamalaqx,2758,-242,2516
Jonas_CrazyLove,1472,-468,1004
thelukebrooks,1277,-602,675
LawJFree,2626,-1252,1374
TuratlasNZ,232,-18,214
ALDUBRimain16,276,-36,240
Broquete,1859,-2526,-667
EcoyJoean,3192,-422,2770
TheAvonLegendJB,1948,-332,1616
wonweoo,930,-368,562
MetalSonicCD,215,-221,-6
MinionsFollback,1354,-1088,266
VictoryForNamo,740,-616,124
Jkverma_Jk,13,-2,11
ltsGagax,2,0,2
AstinNew,1647,-387,1260
elynnfrsha_,995,-461,534
TheValley,6370,-790,5580
clbquantico,7203,-792,6411
IAmDSkeezy,648,-1223,-575
loives_31,136,-18,118
__kostas,81,-187,-106
j3n11f,1422,-1076,346
Bizzle025,3030,-2261,769
wharrley,2062,-1222,840
VedicVoice,3424,-930,2494
IvanRakiticNews,1475,-791,684
Nor_Hashima16,941,-348,593
Danbeezuu,3071,-2751,320
Admire_mySWAG,2058,-4397,-2339
Mugengatari,1772,-3797,-2025
10DayForecast,4772,-5,4767
NditevereTwimbo,2460,-1692,768
AmberBaughey,2552,-749,1803
hzn27,146,-26,120
__flw3rs,1063,-122,941
wxyqr,0,-1674,-1674
TrendieFR,61,-20,41
McKechnie10,3118,-2084,1034
shubhamgarg,112,-64,48
DoctorFluxx,2394,-2221,173
Lupe1998Lopez,1181,-1200,-19
LestrangeSue,2648,-1414,1234
alansaris,13,-3,10
aashiq345,3,0,3
BELLUSVICERYLLE,2228,-421,1807
AsgarOlivia,2557,-255,2302
NIYYLEE,155,-282,-127
IHGService,3934,-1824,2110
CasCasG,3667,-1012,2655
politicshome,1611,-2390,-779
Savanna157,1056,-1983,-927
KJJoongie,266,-83,183
dmfa20857,0,0,0
DanteIsNotDope,2448,-2772,-324
aaompvn,232,-57,175
annemaxcoffee,93,-45,48
imnsfyhsnl,1778,-1570,208
colorful238,5,0,5
AudreyGloriaC,1527,-536,991
bcklopfer,2878,-406,2472
calumsonfire,1673,-593,1080
noelleking12,229,-207,22
01852gnlb,0,0,0
eemeieleyy,152,-163,-11
Q8news_24,0,0,0
louwin4,2891,-347,2544
Mey3_HAJJ_PB,1388,-720,668
YoniNegri,2911,-1453,1458
KingJackson522,1215,-1683,-468
AnehVelidhoo,710,-1139,-429
vicTROLLia,145,-119,26
imhempko,1,-7,-6
savesnjh,4321,-2102,2219
sfox_2018,692,-521,171
Free_Lebanon1,49,-9,40
BABYSWEDEN,2211,-2665,-454
eljasy_,128,-40,88
o_jood,54,-29,25
zaynabiya_1,2,-2,0
otwolis,1845,-480,1365
itebeyou,1907,-2170,-263
Doyers99,2037,-2276,-239
Jackflack67Jack,2085,-2561,-476
PaulTyredagh81,1924,-2293,-369
Nehjnehj04,2187,-1064,1123
chxnmz,93,-40,53
NarcissaBrpg,146,-310,-164
LeahSephira,3736,-1603,2133
Wycky_Isaboke,1730,-582,1148
06875jcsb,0,0,0
__YungPlug,1361,-1997,-636
alardeeljay,1153,-475,678
Shagufta095,590,-361,229
NANAMI_SYANE,124,-85,39
_Rianna_xx,2411,-1170,1241
Bra1nK,2321,-2059,262
mege_71,6,0,6
sanjivchauhan,1413,-869,544
joe_kibe,2381,-1453,928
kmbhangoo,523,-377,146
lovettejam,2984,-541,2443
not_barbijafea,308,-641,-333
shewacktastic,369,-49,320
gildafoster92,36,-18,18
theprojecttv,2989,-1317,1672
GalwayMr,2034,-534,1500
AbdoMadridista7,2661,-1671,990
Saito_Shimaru_Z,0,0,0
requestedharry,1825,-1935,-110
lonaseair,2272,-263,2009
miguel_osorto,1927,-2753,-826
B_Mulani,2824,-2207,617
lauracoelho25,869,-384,485
05495lkta,0,0,0
therobotsource,244,-32,212
epicgamemusic,2567,-1214,1353
KALISBHATT,219,-74,145
jepong1711,138,-72,66
King_Gerry_R,2967,-3103,-136
TyRellington,3354,-3104,250
NtareRugamba2,1097,-1732,-635
9OJu8GEnleWaP4k,0,0,0
red_ballesteros,3139,-208,2931
meghasaini1807,2121,-1183,938
gelwardG,2858,-311,2547
ChillWinstan,58,-1,57
Fahjjong,629,-251,378
MeanAssDomo,2221,-4209,-1988
wslo_,1301,-638,663
SparklinReality,3137,-1903,1234
EddHOURIGAN,2042,-2426,-384
utotmopink,2288,-1147,1141
Pawood1Wood,2094,-301,1793
NewWave215,2473,-3087,-614
st8chomps,2808,-2247,561
anjaninandan,803,-696,107
liputan6dotcom,201,-91,110
LandoFolf,2589,-1225,1364
q8ksa12,6,0,6
alistairdyoung,34,-3,31
Chris_Redmon2,2158,-1003,1155
jerlynZoeysilva,2010,-272,1738
SkunkyWunky445,88,-129,-41
oreo_headd,1864,-2230,-366
TamiaaJohnsonn,1734,-2831,-1097
BobbieWebcamXXX,0,0,0
GoalsVibe,10,-34,-24
Donghyukph,882,-183,699
XfaezX,553,-358,195
ACLAMA_MBO,160,-507,-347
MercadoDino,2893,-2137,756
Timque,355,-318,37
AnnaliseBurks,441,-326,115
kathy_lord,2345,-2160,185
Angel13Love1,33,-36,-3
jeneelisa,1704,-2577,-873
clwtx_,2129,-2053,76
_vidi_,369,-278,91
Sassafras_Knob,2748,-1918,830
ZeidWork,0,0,0
theslyonee,91,-126,-35
Takuma_neko_,9,0,9
MurtadaR2d,1,0,1
Delaney_Berry,432,-307,125
_stephn,2180,-834,1346
noisapp,2925,-702,2223
minimalpieces,5029,-743,4286
DominatorGolden,3531,-1996,1535
DaBiebahVans,2066,-930,1136
cheru2016,2755,-1763,992
tommynorum,624,-194,430
mannyjus,1630,-544,1086
KissMyBlakGrits,4535,-5972,-1437
Syahrul13S,879,-201,678
meangrlchey,1126,-1633,-507
chaelamiche,1883,-1308,575
xxxslutroulette,8982,-2000,6982
7amasa112,15,-9,6
dynhathrh_,777,-348,429
TheMonsterBot,946,-727,219
whtsuptutzipaps,2055,-796,1259
Shantiinsa1525,2806,-308,2498
entensive,3601,-709,2892
RohannaUK,415,-30,385
NiraR610,1029,-504,525
slhb28402,0,0,0
InstEconomist,2310,-2275,35
jadeojioji,2,0,2
1FUNGRLTRAVELS,3588,-799,2789
seizonvideo,0,0,0
AbdulazizMrshd_,57,-21,36
usman_PTI01,119,-47,72
aravelle,4230,-840,3390
SpiderOrangeOwl,1371,-6,1365
__MAKOTO_KKC,0,-63,-63
Angel_072010,907,-391,516
Daryll_Rayner,1391,-548,843
bondappetit05,2987,-590,2397
Ms_Moratioa,2039,-1089,950
huyennga_angela,103,-2,101
rin_3jsb_exile,33,0,33
KayeMenner,2033,-422,1611
mrfamous1,1956,-3413,-1457
Bamwhales,96,-41,55
adgjm_0603,3,0,3
superReBaL123,2861,-1372,1489
GGflipp,3901,-1098,2803
brittmontanaro,3432,-1747,1685
mypacificxpress,496,-30,466
Yayayoyoo,1453,-731,722
KIASEbae,1853,-539,1314
zeishafiah,2377,-2756,-379
M3reCat,1982,-1852,130
AkemiKonai_bot,773,-331,442
ashleyburt18,196,-176,20
claudiamaynardd,3439,-2597,842
vyacheslavefrp1,0,0,0
LexiiDinosaur,3698,-1134,2564
bfarm10,2995,-960,2035
atozalphabetabc,877,-202,675
amaalbalushi,255,-103,152
NaciYurdakul,8,-16,-8
argineb_tiame,2224,-273,1951
BimaFM92,1457,-1006,451
Bames0,2639,-2359,280
FuckHarlin,2115,-4506,-2391
chipolleschi,370,-426,-56
theoneravenwolf,3417,-1085,2332
LenGunGardens,2632,-1307,1325
rio151211,41,-1,40
ie__89,9,-1,8
xoloveestephii,1666,-193,1473
SarahxFour,4657,-1309,3348
RoseteRegie,1853,-811,1042
Dmcgayah,910,-565,345
RennerCrush,1378,-381,997
For_ajrx,0,0,0
billyford69,3653,-2935,718
Gabreloader,2820,-936,1884
SaeganAnderson,13423,-103,13320
pepepipipa,3,-5,-2
JapanTodayNews,1466,-2008,-542
rainxrhaine,653,-442,211
youngzilli,2499,-2564,-65
pp_pingpong,388,-159,229
romainejirell,1729,-714,1015
jennyhyunie,1221,-231,990
P500px,10103,-179,9924
GRDSCIB,1471,-411,1060
paulchibuezeonu,1520,-2900,-1380
summerford525,2262,-774,1488
borgjessica,2812,-2963,-151
FlowcashHD,1737,-2519,-782
gracesoo99,2317,-2050,267
gunIouisroses,1153,-883,270
EsteeZheng,2196,-1225,971
UCLanMediaTech,563,-60,503
FGC_Fruit,1876,-860,1016
luckylouizeKN,1488,-215,1273
dgotit3,2580,-2138,442
JustBlack_White,1322,-429,893
hollywolly92,3463,-810,2653
sadafkh39550890,200,-18,182
ShahKhan1995,35,-18,17
rachelmeggm,3624,-1578,2046
07734jcsc,0,0,0
SenyorHugotero,720,-390,330
MonopointAmy,2530,-1992,538
jessbooty_,2194,-1732,462
aqfellci,9,-4,5
qagobiberavo,6,-4,2
Sanjo_rad,9,-2,7
AlexTheNewton,2823,-2163,660
gnlc21560,0,0,0
CrimeAuthor,3437,-3220,217
_ItsEric_,1781,-1757,24
aneesaaaxo,3311,-2594,717
ch0riketweet,2,-2,0
paula_rae3,628,-6042,-5414
JVOCXIII,1311,-2952,-1641
AmandaAbate,1777,-1376,401
DCTgtbt,0,0,0
mira_basri,1579,-887,692
hisnameishadi,3664,-1750,1914
imgeraldinetan,2351,-651,1700
kkkaylaaa___,2582,-2018,564
Casinomeister,1890,-806,1084
trafficjunkieng,2145,-1545,600
ayedadyz,3101,-1860,1241
Critique_Create,2354,-846,1508
loveromantic60,10,-14,-4
GBXgtbt,0,0,0
WMSLFM,2729,-658,2071
BBCR2MusicBot,1970,-686,1284
bshejh,108,-65,43
SBL_STIKI,227,-34,193
BellTyson,1683,-1503,180
i_R_Pattinson,2618,-1755,863
ahsanulakbar_,2047,-1694,353
Ryosuke509_Yuna,3,0,3
deepakktweets,524,-232,292
_Worldwide_News,59,-187,-128
r_k_s_love0108,10,0,10
06354jcsa,0,0,0
itssschony,3185,-1477,1708
hasz_2k16,1908,-1109,799
Iam_millijones,2243,-636,1607
sunnypassi007,3046,-156,2890
sonugupta51091g,138,-112,26
mSperoni,2975,-1947,1028
shaferkylie,2333,-2092,241
BigBfromNJ,130,-126,4
Hassus3,0,0,0
JLoveNForever,2747,-994,1753
Sunny93Playlist,1076,-266,810
kuronology,2022,-920,1102
eloikaka,2548,-1702,846
Rbj_i,831,-400,431
naan_jaan,5197,-2290,2907
NZStiffy,3603,-1355,2248
repairoreyes,2380,-2609,-229
SheilaGida_02,206,-61,145
_illicium,0,-7,-7
_pcy_27_,0,0,0
Kristen_Kirk_,1510,-1151,359
_charlesmach,1663,-907,756
PlymouthHerald,2275,-2942,-667
FRANCISNDOLO3,275,-147,128
teensyIwt,236,-186,50
Haitham_shabeeb,45,-2,43
SirCej_5892,2645,-225,2420
save_onshopping,2788,-1429,1359
vgnshs2,717,-108,609
aj2792,2356,-365,1991
tommymcnulty33,174,-172,2
AllanAgnapan,3264,-246,3018
saragamal_2001,33,-21,12
NikkiHammer4,2635,-1381,1254
ShafiqSahar,1228,-412,816
brimer_1,2291,-1865,426
TouchPH,2692,-1247,1445
RahmayaniIka,497,-212,285
marisq30,19,-15,4
Jobs_Syracuse,1131,-277,854
eyalfeed,800,-8802,-8002
meatbarf,1383,-1498,-115
SammySherringto,491,-170,321
nurulsyazalina_,1805,-565,1240
Naruamon2,100,-55,45
iRanjithR,107,-36,71
hasetttt_,1918,-2448,-530
loopylianney,419,-130,289
_meynn,1338,-291,1047
Horriyah,89,-78,11
DreamNxtLvl,2635,-133,2502
xoloveserina_,2358,-2770,-412
RollinStoner_T,1968,-2997,-1029
RoyallTeeFelice,2849,-1765,1084
smtraderCA,1893,-620,1273
carcharias_11,2189,-1786,403
amandaremitio,1922,-1752,170
crissy027,1829,-206,1623
rsalvadorhaga,1154,-451,703
owenadrian21,84,-3,81
VishKant,423,-426,-3
afrilocen,1209,-2344,-1135
bubbles591,84,-83,1
iJaiDeep_,2325,-582,1743
Mah_Onfire,125,-194,-69
VacanteReduse,564,-14,550
YUTALDH69,15,0,15
mehtashaweta,897,-54,843
BharatTiwari,1270,-663,607
oozorakko,146,-31,115
aleksandrakot18,0,0,0
DukeOfZamunda,1768,-2341,-573
_aqilmirza,909,-340,569
TheDemonDealer,260,-149,111
husnain_baig,950,-744,206
magicheart21,3287,-358,2929
AshleyWhang,205,-115,90
CallMeDyno,3372,-2233,1139
osehurl,205,-148,57
FanniGonzaleez,322,-701,-379
ruzcmc,336,-322,14
cris_labonete4,2659,-392,2267
feedingjoy,5984,-1935,4049
AkoSiPat,973,-476,497
Sexxonmymind,0,-4,-4
Afrihost,2916,-1125,1791
OliviaK68190617,242,-105,137
BintNo,734,-249,485
beed2006,58,0,58
serranoamado9,207,-166,41
Me__bb,0,-1,-1
Ihearttwaimz,3587,-1557,2030
_ImJessica_,1496,-1540,-44
arpitsagar12,254,-278,-24
Spring_Sanha,0,0,0
what_62,1747,-276,1471
robossmile,439,-85,354
chipsdelight_,2571,-947,1624
_MuseSoul_,3860,-1517,2343
Buy_w23,2424,-480,1944
algotradesignal,0,0,0
redditfeedz,1859,-2617,-758
BalaVanitha,136,-21,115
treygutierrez20,2403,-1315,1088
DaRealBarriB,1957,-2070,-113
LarryShort777,2304,-2738,-434
janfelicia_,3309,-1064,2245
sgd03,2994,-1528,1466
frappedhes,1923,-508,1415
am_torres14,2225,-2496,-271
abdelhay_islam,8,-5,3
thetaken26,1505,-176,1329
seulgiace,240,-97,143
Jazelreyes3,217,-64,153
JumaiOmoti,1277,-667,610
cheraudrey,1976,-1056,920
Kus_Atma,342,-554,-212
zzksazz,3,-1,2
jquijada89,3993,-4983,-990
nothingxs,2500,-2347,153
LewisGrahamLaw,248,-269,-21
mktdeliveryec,2206,-654,1552
pwahyu333,7,-1,6
Dhyani1811,5077,-403,4674
A7aces,39,-20,19
formandshape,2055,-1810,245
sherrylyn_diaz,290,-27,263
kabelo_masalesa,3283,-1195,2088
Domo_growrich,3245,-2413,832
amaxingjayy,1006,-1710,-704
maisex17,50,-142,-92
Child_Leeds,7216,-405,6811
fookaniall,3096,-1940,1156
ljpmaliks,2189,-2817,-628
Barclaycard,3563,-1028,2535
Clannad0429,244,-277,-33
c_kraack,4151,-1086,3065
huhudsss,1062,-425,637
rishabh7skp,2587,-263,2324
KiidNike2,2591,-2595,-4
HareeshmSeo,1881,-793,1088
kan_8008,0,0,0
xdrxxn,1314,-2533,-1219
xokw,2514,-1155,1359
raccoon_attack,1279,-974,305
TeaParty4Cruz,411,-96,315
beccaarudd,2861,-1803,1058
_tiarella,2392,-3354,-962
VanWippesteijn,346,-436,-90
alisoncams,0,-12972,-12972
CallMeKalEl,2337,-2955,-618
GahanWayne,392,-246,146
Kimbriella_Tuck,444,-326,118
Jordan_w04,2587,-3388,-801
iGive_Sensation,2443,-1884,559
DJMazaLink,331,-61,270
Best_of_London,929,0,929
pokochin_poko,9,0,9
noraqilah__,1220,-773,447
LeonRogers,2041,-1793,248
TheSocjourn,147,-277,-130
lisamcg74387758,207,-137,70
Wakanabot,432,-759,-327
NBJ_97,149,-64,85
Sherisse09,2626,-1320,1306
MIKI_MGK_HSI,0,-60,-60
_ajs__,179,-133,46
sublimincl,1581,-1319,262
KramerFry,3484,-1555,1929
nuradhila65,1753,-1310,443
EthanHarris0527,2174,-724,1450
culand84,86,-23,63
corovin64,1717,-758,959
FRANCIS70216683,52,-32,20
sonnuvabtch,1600,-643,957
JeyKeyX,1117,-480,637
RT213474333,8,0,8
FeroxAversatrix,11,-8,3
evelinkalobutov,95,-156,-61
vivayungnino,2818,-2719,99
harder_party,190,-51,139
green__tns,0,0,0
ksingtongallery,2703,-528,2175
MattScott247,2644,-3806,-1162
mecrystal98,2391,-1966,425
RemoTaha,48,-28,20
RodBamberry,2350,-2488,-138
minkuuu_,80,-44,36
IqbalRattan,2599,-1112,1487
MataJabar,151,-59,92
heartprinced,1128,-1799,-671
LOC_syiffa,2092,-711,1381
payudaracantik,963,-1782,-819
freddy_ggmu,157,-103,54
NalaAML,1077,-395,682
Heyyitsmekp,2508,-2447,61
OgbeniFolusho,2329,-1349,980
sherly8823,1186,-359,827
AllYouPhanEat,2707,-1802,905
DrYobbo,2046,-2584,-538
guynesher123,15305,-220,15085
LaurenManney,2857,-1328,1529
C9ntradict_z,2726,-1272,1454
MlklKavinkumar,201,-55,146
A_Dawgg_,2210,-1719,491
04076trda,0,0,0
_SimplyBre,2147,-1826,321
DorcasSumukwo,0,0,0
nrl_____,1342,-527,815
PetterMalmberg,415,-259,156
solisgabby56,2363,-327,2036
yjdey,2752,-1832,920
MaiChard16forev,2825,-289,2536
yookookies,2574,-1320,1254
jackieemendez_,2371,-2337,34
Dora_Cooke,371,-235,136
AngeloT01,13169,-229,12940
ImInDangerZone,1907,-304,1603
02532gnlc,0,0,0
polyhedralnoun,0,0,0
LegalcellMoga,215,-187,28
mcsashh,1848,-684,1164
elos_ira,1557,-878,679
drnaveenchauhan,239,-68,171
VeryBritishDude,413,-323,90
Redjasper_,269,-89,180
marygiexx,355,-164,191
lachiebc,0,0,0
Darkhlarrie,1858,-1444,414
BiodunIkapo,1827,-363,1464
WavyBoomin,1642,-3042,-1400
C_RRooney,3132,-2236,896
suissette,1279,-344,935
MissHijabi_MK,2079,-602,1477
marys1nger,2977,-1541,1436
EmmaBll,1169,-987,182
Jamalentwickler,10,0,10
obvallata,473,-178,295
twanashwan,1233,-198,1035
Nazreen_96,1632,-567,1065
HarshAgni2,502,-415,87
IbroxBuzz,3251,-1778,1473
qqdL04hiMiuXdBc,1266,-416,850
ZakLee,424,-126,298
bashierjumaa,703,-344,359
Top_All_News,1743,-2536,-793
hollyhuntss,1946,-1841,105
WOTBH,1659,-1219,440
jesusbarajas69,1818,-2144,-326
ReadersGazette,3779,-1562,2217
mukmuk069,1082,-70,1012
97_aya,1932,-1361,571
jarcher292,5494,-1663,3831
MistyMcwhorter,13,-19,-6
LuxDusanovac,721,-312,409
psswstyles,2110,-299,1811
ToTurntKendrick,2219,-2009,210
lizquenurse,2341,-303,2038
Landscapepage,2028,-151,1877
mariodp14,1000,-186,814
MDNBzi,1269,-344,925
chxsca,3302,-1402,1900
siarajbravo,2909,-1496,1413
BenjaminAddy,4773,-1150,3623
AsmaAlNaimi,82,-21,61
WeeKatie_Gee,2993,-791,2202
gabrielreo_bot,0,0,0
_callmearii_,2093,-2075,18
zaynmalik9398,3485,-2329,1156
KanKanyanut,348,-157,191
582Rahul,747,-697,50
DebraGoodfello1,36,-17,19
mariquitacu,2107,-232,1875
ididwy,2134,-852,1282
Tatiennedarlin,4644,-738,3906
avinnhed,203,-89,114
TopsyTurvycats,1783,-367,1416
putrissss,1193,-452,741
Buang_03,2138,-1814,324
sionoya2003,0,0,0
filmspcy,157,-86,71
mariangm181,3154,-252,2902
RakuenNEET,732,-329,403
patriciawts_,1657,-511,1146
KY2GIRLSFC,3276,-557,2719
syafikadnann,921,-557,364
j_mananchaya,290,-54,236
__YAYOI_TKTK,0,-87,-87
haejinyi,2412,-852,1560
AndreaDESIRE,3509,-3056,453
ivaankaa_,3491,-2786,705
fuccckinkidding,2110,-2199,-89
bjc1017,0,0,0
trashtastica,2289,-2940,-651
Datukpanglimaa,1080,-618,462
JohnCzer1,1778,-4639,-2861
taro_gd1030,35,-1,34
MIINGKWANN,198,-68,130
tenatena175,8,-3,5
koheyhey0602,0,0,0
ThisNikkuhJojo,2239,-3077,-838
KameronBennett,1556,-1865,-309
therealauro,2077,-1373,704
alysamtan,2431,-1260,1171
esthercompsty,2663,-1632,1031
BigTunaUK,1505,-989,516
AchaAffende,2140,-1364,776
petercwelch22,2289,-1072,1217
trixienovel,2123,-2024,99
jalal85asfor,0,0,0
AdityaKumarTiw1,753,-447,306
xplosiv77,133,-59,74
rich_heels4all,1252,-551,701
loveeunhae14,525,-14,511
totalpornsites,4056,-13993,-9937
SixtiesMom,2181,-1589,592
ritchie_d1,839,-332,507
maxseung,2,0,2
KennyBloxham,1829,-317,1512
phen0480,1142,-498,644
its_jenaee,2204,-2120,84
__SoulFlower,1799,-1858,-59
Parkin25Marie,5614,-876,4738
lewisjacob755,81,-141,-60
BostockBonnie,1730,-938,792
Miss_B_Miller,2064,-1887,177
cuss31805,0,0,0
sebastionpls,15,-38,-23
jasmynbrod,2546,-1989,557
uahttt2,0,0,0
MKEL_B,15,-23,-8
Hnzyyyy,57,-60,-3
lady_malak15,0,-1,-1
russlan_v,267,-150,117
_llexyps,1902,-542,1360
VillgroKenya,272,-53,219
milaloveshaiz1,100,-30,70
_DeAndre19,2381,-2675,-294
PeterYacono,3099,-911,2188
papanikopoulou,26,-25,1
zulfadli_nawawi,915,-459,456
ksngippon,0,0,0
MayahJean,990,-526,464
_alisongray,3346,-1029,2317
sipulan_,1032,-604,428
iNteOwl612,3018,-1057,1961
HilmiSyfq,1918,-1174,744
bornita15,2541,-311,2230
The_Hemsley,2470,-1648,822
WHYOUESPINOSA,1711,-453,1258
fakfha_,116,-42,74
sahil_0011,2793,-222,2571
derickflvcko,2232,-2357,-125
zonya2005,67,-26,41
TheSpiceClub,5393,-427,4966
MPmarzannepreez,670,-237,433
anuraggarg11,1390,-1523,-133
CO2trades,1221,-1062,159
triciadizontd,340,-182,158
z939warsaw,1975,-952,1023
IamAlmando,573,-274,299
susanenriquez11,3061,-292,2769
MooPim_Supanida,280,-50,230
PresmaticPB,1594,-756,838
cheja,709,-1218,-509
ShoutOutConfess,798,-370,428
PinkyKarla,3034,-1126,1908
MamaAl_,575,-994,-419
sagarinsan17,2490,-210,2280
SantaBarbara_GV,3124,-908,2216
yazkismodacom,62,-234,-172
ManUtd_UPD,4318,-1704,2614
amberleycastle,3076,-142,2934
anakmales18,215,-127,88
salehmoghadam2,341,-555,-214
Kathimerini_Cy,56,-15,41
ZPPY09,659,-113,546
thisnegra,2105,-2316,-211
americasflyest_,3398,-3933,-535
engingeng48,234,-119,115
TheSimAisle,2735,-2789,-54
ICCFoosball,2560,0,2560
turadess,156,-37,119
PearlNaomi_,2626,-2572,54
6v6maichan,0,0,0
carlos_miggy,2103,-2101,2
Kasi_Nerd,3447,-2800,647
KleinworthCo,3824,-381,3443
saudhlaly,0,0,0
Perrieveri,73,-23,50
Egsankar93,56,-15,41
Miyuki_Magica,0,0,0
venusandmars08,5016,-599,4417
kancitan,1095,-649,446
CaseyBriggs,1739,-1236,503
MyFunkyBunch,2269,-3545,-1276
elliemiles3,2999,-2411,588
thefrog56,10,0,10
abbashaider585,1783,-655,1128
HamsaAhmed_,1880,-2432,-552
JReinecke5,660,-616,44
Neveilly,293,-245,48
Sockaroo652,1894,-1304,590
gyumeo2804,2496,-921,1575
yeaitsaina,1232,-259,973
Camilian1Sabel,2089,-3394,-1305
_DaSheaa,1833,-2334,-501
buyieKudos,2087,-1153,934
RichWeatherly43,2901,-815,2086
Dondet57,2499,-202,2297
Marty_30449,2689,-2284,405
07112jcsc,0,0,0
keecinnick,2193,-1756,437
camiinthisthang,2532,-2822,-290
petebarr,359,-153,206
ayyeleeciee,2023,-3886,-1863
itsnotkelly,2345,-1571,774
sippycup03,2595,-2223,372
SamanDawood,3101,-2518,583
wuzzupjdogg1,1550,-688,862
monsantojohnjer,1042,-273,769
ConceptGrp,1633,-2332,-699
Cool_dude158,2401,-238,2163
FawazAlOtaibi12,67,-51,16
femalenia,383,-110,273
_kayygee,2642,-1805,837
Nasser384,12,-16,-4
chimchurro,2752,-1146,1606
winnerobba,955,-177,778
IshyFishy044,298,-224,74
yogabbagabs,655,-342,313
ShoSleek,2640,-1413,1227
DELEJAN,24,-1,23
002follow002,0,0,0
Syazweena_,1526,-949,577
bunnybeexx,1977,-1322,655
bboyfloyd7,3,-5,-2
Frugal_Foodie,3540,-635,2905
03034trdc,0,0,0
i__am_q,2573,-4336,-1763
_jvci_,2151,-3801,-1650
innocentdude5,318,-66,252
holysupremo,1578,-417,1161
cmccarthyr,0,0,0
Qasminews,127,-184,-57
SHhtml,2845,-2698,147
GOLDENXMATTHEW,1504,-2900,-1396
PutRyanWisholic,1219,-150,1069
ntsyakmrzmn,1330,-852,478
674270d646cf4bb,0,-4,-4
baconheadxx,2928,-585,2343
VeinaBacalla,722,-322,400
oumapaul3612,1929,-1509,420
Billi_Vanilli,1944,-1886,58
jhezsafrancisco,2690,-363,2327
babyyyykels,2379,-2271,108
MiaMiamilner93,1236,-835,401
lcocker,2049,-2202,-153
bella_yusof,1013,-544,469
atc__ireland,1081,-222,859
oktoenteka,1255,-338,917
alanna_paule,908,-729,179
NIESAARMY88,1743,-865,878
REVOSECCUS,2819,-759,2060
ThaleySimps11,2023,-638,1385
ParkA010244,3009,-284,2725
pipehitterz,2259,-2279,-20
screen_dude,2485,-2016,469
kpopslaves,466,-92,374
IzzatiHabib,1164,-325,839
EatmyShorts_16,1746,-1983,-237
ahmad025,4,-4,0
Rashel_Cruuzzy,1907,-901,1006
gagconcobigfan,3983,-1573,2410
EINTruckNews,1435,-2206,-771
pvazquez7755,1899,-2616,-717
foto_alkasa,618,-156,462
James_Thorburn,1649,-2364,-715
deanbishh,1951,-2304,-353
payejuk,714,-229,485
HoldAMo,488,-328,160
atishlohar,1541,-116,1425
Promotions_HQ,2817,-1095,1722
RegionalReality,256,-3,253
smollminseok,835,-738,97
chajangim,3141,-2264,877
novlrtweets,6160,-873,5287
ProudOfw,2526,-316,2210
SHasbia,103,-25,78
kan_dt,0,0,0
megan_renee16,2499,-1226,1273
climbing87,0,0,0
sallyboulton1,6464,-984,5480
KpopZone_INTV,1009,-342,667
TannieVetkoek,8826,-187,8639
ThatKidLihle,2688,-1799,889
goonssss,2272,-2602,-330
Aki38399591,13,-1,12
loojo_,3180,-1532,1648
galaxycentral,692,-605,87
1_Rouge,2691,-1175,1516
treefellaessex,1457,-236,1221
reesesandfitnes,705,-83,622
TaliasolaymanS,382,-538,-156
unkounko3jsb,4,0,4
dineshrajotia2,243,-113,130
EIu8y,0,0,0
LMFansAreBest,4774,-515,4259
tupper42,2850,-3523,-673
charlottelimm,1784,-1421,363
pandazuzas,239,-71,168
anamika_pspk,1518,-410,1108
azcevergel,981,-132,849
GeminiAddic,269,-134,135
MeganG1317,777,-359,418
HolHorse_en,1751,-1302,449
_spANJBOB_,1829,-568,1261
JemimaHazel,1207,-188,1019
demibest12,0,0,0
sammyhagar11,2033,-1310,723
tashaleane,3126,-1685,1441
HighestDesigns,2309,-2846,-537
PichlkostnerR,0,0,0
naneki_malia,2956,-2553,403
dixylou82,3660,-1903,1757
rbrt_rdrgz,1091,-585,506
DaytonWilliams,1842,-2141,-299
youknowitsavi,2431,-1632,799
00bts_citrostea,2,-3,-1
ATULBGUPTAA,3844,-1726,2118
charlesturner42,405,-518,-113
_cirrus_minor_,1289,-1194,95
LosoWadupDoe,3149,-6053,-2904
TrapRealm_,72,-52,20
salkomsel3,299,-61,238
ELF_CorLoveSJ,1163,-390,773
Stephdonoso,1300,-2060,-760
iroiro_pinchi,0,0,0
ari_yama_keto,0,0,0
DorkyCoy,847,-479,368
CancerSupportG,606,-98,508
ciaocoxy,1304,-1163,141
lakshanika1,365,-180,185
TruckMechanic58,1837,-714,1123
_farahhh__,237,-190,47
nekoninnin1,0,0,0
BusinessTides,2585,-1277,1308
PoloDwn64,1622,-2393,-771
bsteeez,2614,-3674,-1060
ErinSophiaaaa_,2009,-1869,140
insanshama205,2979,-317,2662
curtgolden,1407,-720,687
RealBarodian,1048,-1087,-39
ImAdrianPadilla,2292,-1594,698
WithHanshan,0,0,0
DatboiiiAcE,883,-864,19
BajiraoWarrior,602,-357,245
BroadwayAfrica,2482,-1434,1048
Glassyglass420,2138,-764,1374
Fl_Cl_natuai,0,0,0
zuma02,2153,-2427,-274
yourfuckenrose,108,-56,52
KhalidAlhjlh,15,-4,11
BigAri__,2010,-2125,-115
sneha_sharma09,1323,-869,454
din_ding,68,-70,-2
efeksluna,255,-83,172
NadiaNajihah__,598,-272,326
BpcFxea,1508,0,1508
shafirafa_28,11,-3,8
ecirtnuahS,560,-502,58
LeannaBarker9,10,-4,6
waaledashraf,0,0,0
leniegammad,3191,-290,2901
Ainmszln,931,-591,340
gieiaaaaa,871,-135,736
MazibukoElvis,2822,-1105,1717
AndrewFairbairn,2092,-1525,567
arilsmith2015,198,-141,57
08053gnla,0,0,0
ayushjain_9,3928,-928,3000
tena1020,0,0,0
P0SIVIBE,188,-83,105
NicholaStott,3730,-917,2813
Lovings_Rose,267,-111,156
iamnursecamila,2982,-706,2276
ag_yol,110,-51,59
mulos,2282,-2634,-352
JohnDude71841,527,-870,-343
aaa_nissyy24,0,0,0
TheModelLord,2828,-3859,-1031
tovimagr,95,-119,-24
Bard_419,2411,-3166,-755
MeeGroup,2763,-2376,387
MusicSpiritual,45,-14,31
raldric61h5,954,-373,581
tapellarestobar,418,-25,393
wxld_flxwers,3176,-1872,1304
BizarroMoMA,221,-342,-121
niallzprincess2,2976,-1183,1793
TiaraW___,2370,-4159,-1789
karthik_kadal,837,-301,536
503_853,86,-28,58
TinkerbellSwift,3152,-902,2250
kellymobbs,15891,-83,15808
sexgoddolan,49,0,49
Abii_qaiil,2165,-1984,181
SamanthaAnnesl1,2589,-1516,1073
_KingDray,1869,-2691,-822
shaqeeb9,175,-340,-165
monodramatic18,68,-21,47
debbief28305061,3787,-2087,1700
english_bisa,319,-220,99
killerswan,2222,-1724,498
blossomcandy01,843,-637,206
AnnaSulan,2882,-1185,1697
ATF2016,541,-172,369
Proditorprimula,2062,-1400,662
elkoraapp,0,0,0
Star1Akbar,1107,-1682,-575
YandereDereChan,1751,-1075,676
bridgetkang9,3199,-2022,1177
Allfkedup,18,-33,-15
SpecialKay00,2388,-2122,266
jam8391,2410,-1337,1073
unestrbg,262,-622,-360
kyuhyunsbutt,2381,-2116,265
Cori_Cooke,380,-268,112
promisingace,4132,-591,3541
jj75331,72,-152,-80
NaiyaAhmad,73,-7,66
yuddha9841,0,0,0
kitaymawoaisu,0,0,0
mqbii,1317,-646,671
hansikacadey,0,0,0
BethFodd,2269,-930,1339
StationarySpace,606,-768,-162
dorygusi,5,0,5
TheRealBigmoney,1748,-4487,-2739
tellemjunior,276,-147,129
embracingchloe,2327,-1177,1150
mustardbird,4064,-2836,1228
AbbyDodson_13,273,-160,113
falileevv1,0,0,0
06723jcsb,0,0,0
joanaRuthDolfo,794,-76,718
withthatflow,2378,-1826,552
Keneeljoel,2621,-1094,1527
87_aqua,0,0,0
thewobbleeffect,2269,-3190,-921
bspwebupdates,1724,-449,1275
Atharjamil9,89,-8,81
TwinkafSeb,2270,-2369,-99
severequeerfear,2209,-2460,-251
it_jobs_in_nl,116,-32,84
8oo5vEvDgwqtSgY,4,0,4
RecoHeartless,1784,-3330,-1546
asahina_pad_,0,0,0
NbaHotline,1232,-389,843
PortalMuria,251,-112,139
mayaarvini,1940,-255,1685
moviesubs,897,-1281,-384
jawaaaz,1160,-259,901
smritiindarapu,52,-6,46
andrea_yambot,256,-56,200
LoMyring,2045,-935,1110
SamonejSs,258,-134,124
stetson001,1074,-1510,-436
isagagaartpop,1110,-415,695
GloryMayTot,385,-116,269
materesa2663,2420,-304,2116
mcjohn224,131,-99,32
morgytaylor11,639,-460,179
paigekardashh,2201,-2672,-471
Khabib1996,1159,-261,898
JencarlosFansRo,18,0,18
TeamRTLaksani,777,-84,693
matissematt,327,-66,261
PaddedRoom2006,2665,-2172,493
jnexard,1400,-926,474
amitgunsoldier,2218,-2137,81
TOUCH61x,74,-14,60
kharibot2015,235,-263,-28
TopLuxury2016,3038,-760,2278
julzxxlemmerz,2944,-1340,1604
ImZaldyzeta18,1020,-291,729
CR_IG_7D,773,-622,151
LaurenGallaway,3017,-489,2528
queenkaattt,2502,-2116,386
bilalgimba25,2512,-2328,184
Ramdog1980,1324,-2949,-1625
wufanmc_,152,-36,116
wokekilam,2123,-2127,-4
shokai_log,0,-5,-5
enakibot,1164,-910,254
DailyRotoSharks,1405,-703,702
abvcabasal,1297,-564,733
TheGREAT_Jigga,1886,-1983,-97
HowardStrauber,3048,-953,2095
Te8__,1732,-2351,-619
TAKANORIN5,0,0,0
InvestWithConf,0,0,0
fuckthehouis,0,0,0
el_garf,56,-41,15
skering,1938,-1666,272
Hartzog3904,0,0,0
hamashima31,1874,-841,1033
stellaluci_1227,98,-6,92
durkbox,288,-134,154
DamYouSiico,2677,-1900,777
_pnO17,0,0,0
musicyhikyhe,2075,-3004,-929
DrMSDent,10,-2,8
m___31321,0,0,0
guilianaaaxoxo,2687,-2100,587
Gazzy3005,2556,-2869,-313
TheGreatReptar,2300,-2287,13
karthyke,1927,-2063,-136
shahsuneel,1138,-1566,-428
tootiieGRAHAM,832,-1245,-413
tikky_music1224,0,0,0
mohamed5550666,5,0,5
Robbydude,2037,-2314,-277
BYEcrisnita,2353,-446,1907
majed935,0,0,0
Amvree,2080,-3120,-1040
LDH_s_ya_ka,0,0,0
jagjaragjagjag,1810,-470,1340
SaeedAh138,50,-6,44
celebzz_a,1984,-119,1865
bramologi,482,-125,357
jaenuarys,1837,-965,872
St_Tsheps,1713,-1484,229
IndianaColtsRR,3745,-772,2973
iNadiaKhurr,1571,-1068,503
sannnibuu,0,0,0
okamamai,137,-82,55
DrilonKha,2183,-460,1723
kitamikj,0,0,0
ANCALERTS,1822,-1549,273
layyaan_9,546,-70,476
Levit0,3650,-2089,1561
LindaLeeJones11,2999,-1738,1261
aldomahirs,348,-88,260
ryuuu_902,51,0,51
jobfindlyind,613,-126,487
KhalidMKharal,101,-175,-74
SalisburryDebor,1859,-573,1286
kimzooh,2,0,2
RedWingsViews,1260,-759,501
wnjrplaylist,802,-581,221
ginaschultz18,2854,-734,2120
madhusaavan,584,-245,339
NewsDailyPost,2372,-2095,277
NEILcutters,982,-537,445
jadahmed2008,0,0,0
ImThatDoggg_,6,-8,-2
PacoDONTdie,1976,-2544,-568
Mayalozaa,1974,-1591,383
MAGIC_SZ,81,-2,79
ScotTradeFair,5514,-251,5263
_falm_,0,-40,-40
dannyta97300181,13467,-170,13297
gilleneoleaaa,1125,-128,997
Rushh_US,834,-370,464
hanzgualdada,693,-237,456
toluborimide,199,-44,155
snedzer,568,-263,305
kxlkii,353,-413,-60
marabales,2673,-649,2024
fynnsalleh,1593,-420,1173
BruceReign,973,-913,60
lamontinii,830,-730,100
Exdiweezy,1860,-1560,300
miss_lhanie23,1697,-741,956
26257stwb,0,0,0
AlexxxxXavier,2222,-1679,543
EstateHeirlooms,5206,-17,5189
aalhosain81,0,0,0
GullwingPhoto,2978,-587,2391
K66__n,690,-608,82
Hamik_SuperStar,2128,-1504,624
unexpecteditem0,63,-32,31
zxcvbnhiks,1208,-548,660
kinglouis08,1788,-1815,-27
UneekDiva,2948,-1363,1585
maddiepalma16,2781,-2428,353
EmilyMikhayla,182,-113,69
weknoworlando2,2004,-949,1055
martinezyque01,329,-305,24
iCabway,3782,-1487,2295
AvaAudraChirban,1379,-996,383
T_bisan,100,-17,83
statious_dj,930,-788,142
29gn5521,3,0,3
k_JEZZY,859,-1300,-441
bahars019,2778,-604,2174
UKMonate,2436,-2494,-58
Recruiter_Lady,3971,-1410,2561
EXOS_n,0,-3,-3
GduB_On_Da_Beat,1461,-1580,-119
onebro4nkp,1714,-1905,-191
FiRNN_J,214,-78,136
LlPUTAN6com,71,-65,6
OHSHITSHAWN,1773,-1253,520
Harfo_hd,1579,-2366,-787
itskatu,189,-88,101
HarrodorraH,12918,-617,12301
FrostyBadge,1599,-864,735
MisterVStar,1960,-1773,187
_KaitlinRosete,2003,-1987,16
EiibonN,77,-49,28
rosgani,377,-93,284
higgy50,2496,-425,2071
JS0OJ,1135,-372,763
rk_robin1,129,-28,101
ManiulH,3643,-995,2648
julzofficial1,1819,-1541,278
raicess01,2506,-232,2274
Justis4u,1687,-3082,-1395
jancyluxx,1817,-934,883
ttradeffs,59,-6,53
Grooovysteve,4351,-2640,1711
byr_rates,0,0,0
vivekkapoor111,1754,-1984,-230
Moonbootica,2276,-1659,617
kaushikvenktesh,2473,0,2473
combaudouo,298,-65,233
4h2oCharity4h2o,3247,-1315,1932
7KaYtRo0o7,0,0,0
holldunnin,2409,-2293,116
NoorMAbuTaha,27,-11,16
rainbowknuckles,3158,-1697,1461
aussiecate16,5638,-847,4791
this_house_is,2395,-1987,408
07046jcsc,0,0,0
TheAutumnOwl,7959,-560,7399
AsianaTV,5534,-412,5122
Kim_______V,3,-1,2
naqeshaaa,891,-537,354
JordanStack7,4898,-845,4053
AventDotID,0,0,0
syafvi06,1084,-355,729
Gurvinder5836,2674,-263,2411
Nicooleeeyyy,1377,-958,419
SyarahSyaaaaa,1667,-1257,410
RudraSakti,1992,-1973,19
BarbaraCuellar_,3814,-1835,1979
Shedoeswonder,368,-92,276
imnayof,784,-142,642
pulaksfi,2443,-806,1637
nicolechantalp8,448,-142,306
calliemachelle,3040,-1258,1782
fanarfang,4,-3,1
_sammwich7,3442,-1599,1843
rajat13792,887,-154,733
rorymartinez13,110,-15,95
83623slhb,0,0,0
LarryLaFlame,1536,-3336,-1800
ianberinga,3122,-281,2841
Sir_Monte,3216,-1404,1812
SwaggedOutHero,3180,-719,2461
HJovey,1772,-2292,-520
tisnessa,2691,-2268,423
IsaiahDeLaRosa2,1077,-1071,6
Shutuphoeeeee,1710,-2577,-867
83128slhb,0,0,0
Ryuudan,454,-299,155
ijustgot2words_,2630,-3690,-1060
Devita1512,864,-83,781
thegreyrai,2013,-3228,-1215
BYE_belle,2530,-1056,1474
Modialkhaldi,0,0,0
Mazajnowplaying,0,0,0
TJSFM,1571,-858,713
paigeloefflerr,1264,-713,551
BTCare,1821,-1321,500
stoykasart,2159,-171,1988
AydenMarilyn,1995,-485,1510
safiatrendy,18,0,18
azuracasgrain,277,-297,-20
SoyMessenger,0,-4,-4
ydspeaks,249,-193,56
SylvieLatieule,697,-127,570
larashazizah,1606,-373,1233
NapolesEd,1468,-332,1136
ChilIedVibes,899,-1737,-838
ChapinHurdddj,1923,-3559,-1636
rubbyroo1,1339,-2855,-1516
Mz_billz,3006,-762,2244
kjmarriott57,3493,-1261,2232
KattuDevotee,3460,-580,2880
9ad8a_jareyaa1,6,0,6
yoooo_daeee,1255,-2450,-1195
KathyLoves_You,3504,-1050,2454
ItsJustBahama,1457,-1385,72
__tonsuke__,0,0,0
mhdrzl_,2259,-1032,1227
kristinafasulo,2819,-1228,1591
TheRealLiammm,2718,-3556,-838
marcellopalmit,2689,-574,2115
red1004games101,133,-71,62
Medienanwaeltin,387,-2526,-2139
deemlyco,120,-7,113
Berynjela,272,-303,-31
yeoshit,205,-113,92
Jjayr_,980,-745,235
kurtalejado,2012,-470,1542
DorenTricia,2054,-1500,554
dawsonboy10,208,-333,-125
Awatef7,55,-3,52
sundermanalt711,254,0,254
AimanSJD,2417,-1545,872
Klimir25,7,-7,0
Kiyax88,3868,-1705,2163
CyberAnonymous,1557,-2330,-773
BerylFord11,2271,-947,1324
Deeeezberries,3027,-4105,-1078
KingQuiese___,1264,-1719,-455
MiedhaBwi,515,-39,476
pad_ryuutaro,0,0,0
iam_djteecoded,90,-85,5
Le_Syafiq,528,-209,319
alwayscomplete,533,-212,321
eXtarsiK,4,-228,-224
BorrowKate,1337,-699,638
technvsty,71,-149,-78
saba_711,23,-23,0
zharijemmanaois,1396,-904,492
HelmiHamzahAyub,631,-234,397
Gammgams,1166,-439,727
IYsknWM,0,0,0
girly4170,22,-17,5
Kimmerrsh,1833,-1940,-107
hannaahshuff,2119,-2339,-220
scaramoushe,2432,-845,1587
ployGlasses,88,-48,40
daniexpoco,1620,-1103,517
Claragrem16,1566,-211,1355
Sea_Wolf_1,23,-36,-13
palemovieman,3488,-3304,184
VigorBuddy,3922,-710,3212
esmeeralda__,2828,-1997,831
_yo_babydaddy,1623,-3117,-1494
neocatflap,0,0,0
jhtt95,77,-8,69
DesignerAimee,1042,-132,910
haider_baloon,27,-23,4
matasitadanjuro,0,0,0
Tblakes128,1689,-1783,-94
TheLastRanker,6,-5,1
aLDih0,59,-6,53
allwhite_2722,0,0,0
courtcooper_,2172,-2025,147
EamonnPower23,3715,-606,3109
02893trdc,0,0,0
bukimoon,1749,-384,1365
DealsonlineUSA,4733,-1368,3365
ManginManon,2596,-560,2036
KgomotsoM_,2943,-1824,1119
AlakhbarNews,14,-8,6
peter1968savage,2555,-1461,1094
jaliluzaid,1651,-302,1349
chi0430ho,0,0,0
salemkhalafs,0,0,0
CharlesTall_,2431,-1386,1045
YungbullJayB,2291,-2071,220
minha_endi,58,-185,-127
smithstephaniex,2595,-2030,565
naeemarif,776,-187,589
Aprilswheeler,60,-33,27
Varella99,43,-18,25
Iqbal_Darwis,588,-300,288
MOLOTTIANKING,16,-43,-27
Raylee_Adams,392,-274,118
manursfh,259,-106,153
5522841b046e4cc,436,-1076,-640
EmmalineKane,387,-269,118
tolex0179,925,-272,653
kiangii,15751,-178,15573
altepper,3696,-999,2697
imjhulliarhaeee,1441,-422,1019
thai_Blender_3D,145,-32,113
AaronKirs,2199,-2135,64
Yng_13,1630,-2576,-946
TabloidLegend_,3217,-4324,-1107
Blow_MyDope,1859,-1952,-93
clansman29,278,-100,178
SkVivaan,346,-204,142
Shma_x,92,-17,75
ranamimran66,1714,-1203,511
sensationaltwat,272,-398,-126
harrykariba,993,-892,101
ymapundu,2671,-2500,171
82450slha,0,0,0
onlygizmos,1520,-677,843
miss_mtsuki,2118,-1130,988
DeepSingla77,3506,-290,3216
partonbabes,2403,-1030,1373
PaintballCorp,180,-80,100
__Vxchelle,279,-333,-54
4gkorea,25,-7,18
liamisagooner,3261,-1751,1510
RadioElshinta,40,-77,-37
kalaweit991FM,1562,-507,1055
incrediBELEN,1273,-413,860
koowieecocaine,2904,-2628,276
MegMichelletwt,293,-142,151
NiessaAnuar,1600,-1115,485
Gino68B,1994,-2352,-358
MeeraAhli_,812,-400,412
Sharky_Fassy,2374,-1031,1343
CollinAlbrecht1,2620,-1906,714
xinelquiero,1016,-235,781
NinaHD99,2172,-1005,1167
JoindaHunt,1449,-225,1224
TelkomCare,173,-406,-233
Gedsatron,1549,-2351,-802
NimairaGirl,2737,-401,2336
Lorendzo,2740,-1179,1561
rausogid,77,-8,69
HappyEnding001,305,-256,49
BreianaSteffy,1297,-884,413
Jenerisk,193,-107,86
elsaglenn10,159,-194,-35
waruboy,679,-247,432
Rifa_Syeida,2738,-1222,1516
speedingisfun,2994,-2886,108
ShiningNipples,84,-108,-24
JessicaFreeth_,2366,-1536,830
ronnyrussell_,1737,-2568,-831
se7pICqZDtJseFE,49,-1,48
rahoom2799,6,-8,-2
Cassie_Xtassy,3359,-4305,-946
gladyspearlsss,1515,-541,974
cambriekane,2277,-3073,-796
Patriot248,162,-125,37
B_Random89,2078,-2932,-854
andirabintang94,2117,-1348,769
ricardogum221,372,-300,72
EPinNL,415,-199,216
Z___Amazin,2090,-4083,-1993
26219stwa,0,0,0
theEpidemic17,3020,-1286,1734
5SOSSpanishArmy,1907,-983,924
kannimay,72,-40,32
aidtawan,255,-193,62
Saeednagudu,1365,-454,911
sleepycircus,2827,-3918,-1091
GomezKaren10,3045,-2271,774
M_Ajji,1472,-2477,-1005
LuvRicca,213,-338,-125
LAPOR1708,9,-90,-81
matuMnokai,6,0,6
lvcka_,2049,-1644,405
05747lkta,0,0,0
Tendances_mode2,18,0,18
PusatMukenaID,1357,-372,985
RTarabic,2,-3,-1
Damajah_RDR,1270,-598,672
KeithBell12,3201,-1511,1690
aaasshhllleeyy,2214,-3518,-1304
_princessaflor,2313,-2170,143
CTOgtbt,0,0,0
egonair,0,-2,-2
alcantaraHDC,1693,-481,1212
_Acrylic_Nails,1173,-166,1007
OgopogoSun,66,-6,60
Eroinstein7027,0,0,0
0ysoev_,0,0,0
lhablee,206,-74,132
5Luis12,696,-511,185
BaleBengong,207,-139,68
seed_se3p,0,0,0
_Meg1992,4215,-1645,2570
callie_holly,700,-187,513
qielah_fany98,1501,-1093,408
RavenThera,1848,-1770,78
skd7,3,-8,-5
reikacenteno,2148,-816,1332
karabo_terence,557,-187,370
WallStreetJews,1708,-2370,-662
RossDavies007,762,-60,702
Otakyo__,1209,-415,794
emiluuy_,1806,-2941,-1135
dwwwaaagon,2888,-1338,1550
Godzson666Adam,1088,-5786,-4698
pseudokinase,3773,-1328,2445
gel_lyn23,2349,-298,2051
Micro_666,1827,-779,1048
sultanlee_hd,3240,-1766,1474
IdaFlo,2012,-2204,-192
dunbar_fiona,14,-4,10
Apex_6IX,1423,-811,612
yuta_717_syoko,0,0,0
koisan_fate,6,0,6
ribkashi,3,0,3
mhaddymutia,1870,-613,1257
NaomiWynters,1195,-686,509
Taopheeqah,34,-6,28
SantanaOG_,108,-46,62
godIevel,1415,-1898,-483
nickfuckinggill,2440,-1131,1309
anisikaaa,1299,-206,1093
daipyonshige,21,0,21
mrm_design,4167,-629,3538
Larry_Larr253,262,-103,159
queenhaleighb,2150,-1766,384
Kwan_phoenix,227,-106,121
MissMcreight294,54,-48,6
PseudoInfinity,388,-750,-362
SyonHalls,747,-451,296
baekbansot,3004,-1468,1536
nuraqilahsazali,862,-315,547
georgetheminer,15926,-137,15789
Nerdiction,2628,-3734,-1106
aalbertjac,1230,-1401,-171
shakidiah,627,-1262,-635
iiiihv,31,-11,20
follownewsnow,1538,-2214,-676
go_watchme,942,-582,360
ayyyelexa,1184,-1756,-572
Segunkayode,2674,-1298,1376
DMumphrey_8,1596,-2232,-636
ScottIgbene,1141,-2551,-1410
HeyQil4,1163,-581,582
fidelmmoja,2512,-1939,573
Hoshimiya_ria,6,-1,5
AnnMalster,0,-4,-4
freebigbetssky,6837,-600,6237
DandGPartners,4196,-115,4081
SubseaNews,0,0,0
haileykerins,2627,-1540,1087
Khalejiah,0,0,0
hadeel924,19,-9,10
St_Austins,14,-3,11
emmamccarthy421,1019,-163,856
ElementroEE,31,-2,29
BoltonHOF,3271,-2421,850
KinneyHunter,1977,-2622,-645
Jc_Caylen_Smile,3388,-2496,892
Irenekidrv,660,-101,559
Misstendances,31,0,31
lxxus,2860,-4750,-1890
Razmiin,1079,-622,457
_hasleeey,2441,-2924,-483
akisame_zensen2,0,-2,-2
Juzbeing_me,1672,-449,1223
II_FIN,117,-44,73
bts_army1204jin,80,-1,79
GenuineSense,2924,-3121,-197
Thirtyfour_,73,-50,23
krissh3214,2158,-1845,313
ShahadAlenazi_,19,-2,17
chenlhe10,1051,-281,770
X_DopeShitOnly,2882,-3311,-429
KpHeaney,3198,-1751,1447
Brian_Mendoozle,2141,-1788,353
Dzroguefox,26,-22,4
audreyfashion4,2281,-341,1940
cianguin,1347,-510,837
Bruni6ixGod,11,-128,-117
brubssay,147,-262,-115
wordpressbot_,1651,-500,1151
StefanoukosStef,17,-6,11
JaneWatkinson,4425,-1879,2546
BBKWT,436,-72,364
Afifwakk,725,-369,356
inrcality,25,-10,15
AleenHafidz,1151,-283,868
sharmile_,271,-89,182
LynneaHagen,2520,-691,1829
tyoromatu45671,0,0,0
emsfj25,16,0,16
johngolliday,1569,-3518,-1949
asyirahaiza,955,-593,362
azri_iskandar12,1287,-823,464
CapperMonitors,1188,0,1188
CrystinaGee,2119,-3302,-1183
AnprilNicNet,3322,-243,3079
Mello_Muffin,2581,-1279,1302
jeemi88,39,-3,36
AmyBowles8,13,-20,-7
SydNajib,761,-676,85
TheRealTinaB,4582,-1004,3578
jailedsdt,1406,-1010,396
adamgames1969,56,-4,52
SB_Deee,1911,-5301,-3390
Billie411011,23,-1,22
ManzoLowksz,1721,-3785,-2064
ziadhk77,125,-241,-116
capagcuan_ruth,3181,-224,2957
toastyhyun,2551,-1875,676
GrandiddyChris,1659,-3321,-1662
Naiuhl,0,0,0
Tenny_wahyu,42,0,42
SVCCork,664,-2699,-2035
hottodd7,46,-38,8
Tamil_Newss,465,-230,235
heshamkrdt,26,-6,20
ganeshgandhi_CV,1587,-173,1414
AliEnRobOtt,2092,-442,1650
83548slhb,0,0,0
Zaheer_Iqbal_,125,-41,84
QarkullimiMagaz,1939,-2611,-672
sproutybaek,1542,-554,988
WilliamJ_Hunt,1826,-605,1221
KregMills,1904,-1559,345
CharanDornala,1373,-456,917
6UFOC6dmGlTsAfc,0,0,0
khaniyab99,808,-1075,-267
AmtaaCom,23,-2,21
Prince_Ash30,831,-201,630
Spongy67,1612,-875,737
VitorVmcss,1150,-1731,-581
kaewknp,125,-48,77
RashiM0,38,-18,20
ALFarisYassin,0,-7,-7
WaverleyBeat,1461,-2487,-1026
rosieharris9,1281,-144,1137
princessaabir,103,-2,101
LujainBieber,2386,-1757,629
JMalewany,1876,-1564,312
CarlesGuerrero,1801,-473,1328
capamyrica,2435,-1790,645
applenad,1661,-973,688
40_mah,24,0,24
i__Global,115,-29,86
tesed,2017,-1394,623
Lateev,305,-127,178
OscarRod12_,1969,-1744,225
Ash_Joey96,1989,-2841,-852
wulphstein,2844,-2608,236
nextbigfuture,2135,-899,1236
LinnyLinM,2591,-1291,1300
einteilvonmir,993,-891,102
njhmr_,1401,-497,904
karencauilan_,2495,-1712,783
TeamRAFBFLossie,6237,-521,5716
Norton91,657,-453,204
peytonhaani_,2719,-1534,1185
Gomadango_OSMT,0,0,0
Shellygetyouwet,2038,-2342,-304
_X_SJB_X_,91,-45,46
Team_DocManuel,1191,-197,994
erick_0326,1730,-1807,-77
CECOgtbt,0,0,0
hsj_kj8_,12,0,12
Rhaizelllll_,1477,-297,1180
The30Challenger,25,-105,-80
omsu3,1399,-1621,-222
trueandlivin_,3508,-4308,-800
CherieAmourShan,2042,-705,1337
LokerDir,32,-32,0
mcbalingasa,0,0,0
bieberofgrande,2270,-1067,1203
Inlovexniall,3107,-1193,1914
Salmaa9_,872,-548,324
fawazalnahdi,4,-3,1
RTGCMXX,852,-426,426
ashley_donsia,1165,-727,438
2goodponies,1738,-140,1598
me__casper,224,-50,174
CptSaltyPete,2133,-1830,303
pooja_narwal,2713,-246,2467
itsarmyntorres,2893,-981,1912
AriannaaMarie,2900,-3044,-144
that_quietgirl1,26,-5,21
miisoworld,190,-65,125
Reppin_CT_Musik,3142,-343,2799
aido5,2811,-2365,446
MisphaJoy,3044,-598,2446
myvemmatips,129,-14,115
Timi_678,2497,-1099,1398
Davi_rufus,9,0,9
DWSNgtbt,0,0,0
FrancisKimberl3,2778,-386,2392
oguri0524,33,-2,31
stlanky,3397,-1853,1544
lilczechtreasur,8389,-135,8254
FUCK_ON_Felicia,2414,-3897,-1483
n0thinbutluv,0,0,0
MorganSmith911,2583,-1513,1070
ValerieANadal,1981,-809,1172
alyssamtran,2743,-1648,1095
kurou_san,0,0,0
ULILSAGITAMANIA,0,0,0
kenzieLR,2803,-2624,179
psyai_one,78,-13,65
nanziba_rifah,17,-1,16
ukirtis,387,-228,159
ThePZ007,1153,-241,912
ma_83rania,1736,-492,1244
Mamdhata,2026,-1946,80
zariffadamm,1111,-632,479
sexydolans_,3246,-1469,1777
somia_fareed,3,0,3
alhareth090,138,-82,56
goham_stream,1363,-520,843
simonwafula131,732,-84,648
3E_News,88,-81,7
prmuutoo,287,-66,221
SadDad_420,2486,-3045,-559
_Joodax,68,0,68
withlovelauren,2585,-4250,-1665
TheBigGilbowski,2633,-2531,102
michinohimee,2189,-2349,-160
_bibalicous_,1900,-1907,-7
abbiegriffiths7,3101,-1734,1367
ReiaJade,2579,-2632,-53
Sparkle__Monkey,1468,-488,980
deysdeys20,2082,-1209,873
xgheeex,66,-54,12
pippensamson,2184,-932,1252
hazem_almansour,26,-11,15
akunya_aku,41,-31,10
hmztlswa,1540,-864,676
jrcolson,1557,-2620,-1063
JNShiwakoti,98,-55,43
AshishNGC51,23,-13,10
NaDaRe_Yuki,82,-6,76
pinkiehottie,1080,-462,618
SylviaR76478465,2096,-1602,494
Na__2016,4,0,4
ib_witcuthroats,2115,-6088,-3973
LOVE_OF_MUSIC_,2263,-519,1744
gobindhayer,203,-216,-13
jesslxyal,2303,-1328,975
xandria_there,908,-932,-24
Jxssxh,90,-62,28
HIPSTERX_,23,0,23
sy4hh_,2243,-1419,824
JoniMeenagh,3102,-2873,229
ahmed_cawan,85,-62,23
bitcoin99,1729,-2169,-440
maddddddddiiiee,542,-720,-178
Gunmaster_G9,1883,-1072,811
AzuwanNajiha,558,-251,307
BadloonNews,572,-390,182
Hassan_k11,254,-115,139
vanessa3653,4761,-1319,3442
louiserreyna,2527,-568,1959
Artist_Lana,622,-210,412
feirn_pc,120,-25,95
Crap_Out_IT,0,-3,-3
amiirahnajihaa,458,-154,304
KINGJeremyIII,2496,-1809,687
wildvine_,225,-74,151
clifftsay,568,-148,420
Remarkabl3,1747,-1978,-231
INDIA_LNV,67,-143,-76
InformedScot,4211,-258,3953
realjoeyjordan,1246,-4416,-3170
kianakeoni,2012,-3094,-1082
EzzatiRazali,1555,-908,647
iftikha26391901,35,-2,33
karucyfikidy,0,0,0
TightEyez__,1626,-1429,197
EtnicSeu,247,-176,71
belengSulsel,162,-58,104
snowbackpool,124,-2,122
WorkFromHomePH,1558,-1420,138
NielsColesky,2275,-2006,269
cbeauche,1202,-734,468
hugoturner1969,702,-1912,-1210
RattanaJ,360,-79,281
_portebonheur,1286,-1581,-295
lxmdn,2102,-3592,-1490
BaruchProForum,2188,-1421,767
BabyJoMo,3097,-2449,648
itz_jane,2887,-368,2519
takeshixlunasea,191,-69,122
ex_exnrkr,0,-3,-3
EvertonBorris,1,0,1
Mmiqmix,572,-79,493
kkkk_1046,0,0,0
LevelPressInk,3124,-458,2666
itsmemarielbea,1771,-346,1425
NagasawaYuta,24,-33,-9
s3yiram,2181,-1114,1067
Trendsblogger,18,0,18
FAIIP_92,1878,-105,1773
R_0612tkg,0,0,0
bsastokas,2353,-1080,1273
Monquail,2224,-1076,1148
CrownTheMusic,2543,-1633,910
BellaNalgona,578,-1131,-553
tingke,771,-247,524
Basketbalreport,2251,-1322,929
izynrdna,737,-306,431
FirzanaSyahira,1078,-437,641
Lethal3t2,17,-38,-21
tanmoy76,1812,-2564,-752
PlayDatMusic,2455,-872,1583
Devolution254,409,-84,325
ABHAYAGIRI,253,-240,13
karley_mullins,2637,-2507,130
workaholic_08,2167,-2230,-63
LibertarianMike,3784,-969,2815
HUSSLExGRIND,3028,-4338,-1310
saeedehC,2125,-119,2006
AmiableMedley,2597,-3234,-637
KinantiSX,1486,-6552,-5066
megapuspita_ayu,427,-120,307
tomstabb,2309,-1086,1223
LindriIsnaini,1367,-84,1283
KSsnooplover,0,0,0
bowen_olosho,1554,-2342,-788
malikkomal3,2324,-236,2088
scottishsurfers,1635,-486,1149
sulibabyy,344,-542,-198
Meel3eauty,262,-29,233
ashbvk,3392,-1782,1610
ZSiddiquiii,131,-50,81
FoodIntolInfo,2751,-1188,1563
sapppleno,292,-56,236
daeze_DUKES,3742,-794,2948
theylovetamia__,1509,-3308,-1799
AZiqlam,13,0,13
BorrellTerri,1503,-786,717
OhLaLaJewelry,626,-63,563
neve__xyz,353,-273,80
anasnikhak,1717,-1354,363
jjoshleen,2745,-1503,1242
K___tk09betsu,0,0,0
KDRajvi,3577,-633,2944
yootorre,1468,-2048,-580
Fsag414,2162,-1334,828
_kierk,2385,-1467,918
arbash_m,221,-65,156
CagenSmith,2441,-2180,261
Dylan_Joseph2,1587,-2244,-657
kjf444,2421,-1826,595
Gonchigsumlaa_S,89,-30,59
rudro91,547,-294,253
sandybell637,6,-3,3
SuqainaTulAbiha,1106,-646,460
dezzziooo,1664,-2683,-1019
BrBraley,3694,-1930,1764
GenesicAnomaly,1560,-2632,-1072
sabor809,237,-256,-19
Starr1035Fm,1978,-1613,365
kevanbett,2198,-1357,841
WhosBing,2794,-2621,173
leonardhongadi,1869,-3378,-1509
sanzekale,921,-440,481
yayarjalia,1079,-243,836
TallOrder07,321,-288,33
yhWpKDJn79XTiWf,0,0,0
Prince_ice,1839,-915,924
prabhjotbee,3504,-1102,2402
dynna_jasmine,2077,-480,1597
Hannamayj,2126,-1825,301
KhaledAFC_,4,-3,1
fisheyedmeenaxi,2000,-1095,905
immadhuchandra,6066,-450,5616
rsn_ru,3,0,3
nijigenikitaiyo,0,0,0
SierraIsRad,2767,-1640,1127
NRE_vteastcoast,2306,-2060,246
Tommy2609,2858,-1513,1345
ockygsb,284,-99,185
percyLAflare,1904,-2190,-286
DianeMariePosts,1632,-1638,-6
chickllett,2842,-157,2685
cakedupharryy,405,-265,140
_faye35_,1172,-667,505
eidalmoald,0,0,0
jasonhowes75,1533,-773,760
dmoney240981,403,-161,242
narryfthalsey,3098,-1714,1384
Guddagu06170686,0,0,0
mc_duh,2770,-4668,-1898
nadineeissa,277,-272,5
jim_deane,856,-147,709
PammCezar,2344,-989,1355
408e6b14fd30460,37,-5,32
JSE_SENS,982,-325,657
ay_captain,9160,-1355,7805
EmanMirza9,12,0,12
forzavinyl,2481,-1498,983
tuki10032,0,0,0
IyannaSoShady_,1501,-2997,-1496
talib_24,2530,-1988,542
IOweKnee,487,-497,-10
K_longggg13,2349,-2456,-107
AinShukrii,1005,-428,577
JohnPaul_Opo,1759,-981,778
AM_PowerGirls,1053,-286,767
ksingh1935,1496,-1596,-100
vovoryh,0,0,0
IamAteJandy,3856,-410,3446
LiveKeshav,268,-68,200
Jazzy_Cooper,2055,-1604,451
MarikaSboros,2162,-1753,409
diaanneej,1257,-823,434
ellensomersNHx,2507,-1916,591
MeroTar90220168,7,-5,2
PeterKeegan7,725,-224,501
UTAU_CRI_Bot,75,-227,-152
SimonTreen,2462,-2668,-206
Specdawolf,1229,-739,490
smulvaneytv,1813,-654,1159
sycolution,2677,-1259,1418
styliciaxstyles,425,-256,169
asmaafarag166,29,-2,27
anneventurer,1653,-661,992
_____Du3aa_____,0,0,0
adammusang,1427,-931,496
itsmemarianac,739,-387,352
ritsmasoura,61,-62,-1
Deyeros,2961,-1677,1284
Tej_Sangha,1733,-1868,-135
imabplain,23,-5,18
DamianoMe,3112,-742,2370
m2k8pini,12,-2,10
ayahsalvacion_,2004,-704,1300
KEKEfotoz,2400,-2955,-555
Nylimimi_,883,-432,451
iiees__,353,-95,258
Awe2_Amandla,1941,-1707,234
linmowan,311,-132,179
loakoil23,63,-9,54
fCkinWright,2182,-5671,-3489
KEVINHELGERSON,4045,-1206,2839
PIlXlIE,2592,-965,1627
shiru__desu,652,-691,-39
areep_aiman,1533,-1079,454
1D_5SOS_8Idiots,2217,-1540,677
gauravp029,4329,-804,3525
ljarratt,1677,-1892,-215
anghamq,12,-2,10
himanshu81994,134,-31,103
ZonaAntiPetir,1956,-711,1245
berita99,356,-93,263
HD_ETHyper,490,-1287,-797
1WantEDBieber,1992,-1654,338
yoshinarem,1370,-188,1182
DeuceAltendre,2042,-3251,-1209
iAMtheREALmiles,1515,-631,884
allxxna,3621,-1789,1832
potzer37,2777,-1622,1155
omgits_shamar,713,-903,-190
letsrollforums,501,-2959,-2458
tashajax98,98,-186,-88
kkalanismith,1558,-3961,-2403
trevligterika,206,-142,64
MarthaVisser,1567,-790,777
photorele,4087,-1093,2994
nbayor,55,-40,15
realslimpaigey,188,-329,-141
RashidUwais,3973,-794,3179
03046trdc,0,0,0
threecareers,527,-31,496
xmgw_,0,0,0
ceton,53,-43,10
iSiT0NFACES,2502,-5072,-2570
elshamal_media,4,-1,3
helmialhadrami,151,-66,85
__KAEDE_TKGK,0,-48,-48
PeeVerbs,1217,-385,832
wear_purple,1933,-2795,-862
bilgekitaplar,0,0,0
Miwseok,681,-379,302
kiri4621toka,6,0,6
l30bo,207,-23,184
TheAdelaideGuy,127,-80,47
mstinabui,632,-315,317
rltor_prn,2458,-2927,-469
I_Dont_Know_Her,2235,-2582,-347
Agent_Penny,1388,-685,703
lizcovart,3212,-663,2549
GrungeNairflair,2757,-1721,1036
sanach45678,1876,-383,1493
G21_Ed,2034,-2653,-619
AnnaEverling,2484,-1660,824
BEBETOUA07,68,-26,42
prayag,1530,-1519,11
SilverDomUK,1894,-1159,735
NowOnRadio6,1251,-956,295
l0king4ananswer,1878,-111,1767
Kimhaksoo228,24,-21,3
vianckieymarie,3546,-310,3236
jaylinn12345,3023,-1208,1815
camille_kim2015,2586,-556,2030
swapniljadhav47,2349,-1980,369
finessinglikejj,1722,-7650,-5928
_alenzi_a8,15,0,15
dala3_27,0,0,0
Sam___Hurley,3194,-647,2547
MarlaDPotter,2409,-1466,943
Ingrid98,3196,-789,2407
yuubin_2nd,6,0,6
KwameKino,2012,-1125,887
iavjtyooff,2,0,2
ashcattt,2345,-2541,-196
Yennorks,0,-2,-2
BBCNews,1603,-2251,-648
pinkyamabel,3059,-1296,1763
kayla1017,118,-157,-39
TantraColorado,3029,-2275,754
FletaDutta,9569,-1519,8050
family_jensen,1859,-512,1347
At_Atiya,3191,-437,2754
bradking888,77,-23,54
JakeWPlatt,3068,-3341,-273
ChowBest,10,-4,6
LulShawnn,1521,-1829,-308
AngieTooShort,2241,-2629,-388
sxmssss,2364,-2815,-451
shantiia_,2485,-4679,-2194
26337stwb,0,0,0
maryazaray_,2615,-1966,649
PintDiaries,2487,-2267,220
AyiemIskandar3,489,-226,263
CharlieRand9,1445,-1820,-375
Arnval573,1289,-487,802
NewerSonny,205,-474,-269
KennedyKumar,2205,-2704,-499
Malkaliphila,1811,-240,1571
CANACINTRA_Auto,126,-77,49
higeorgeshelley,3506,-814,2692
egyptizayn,1511,-1986,-475
teambirch,812,-156,656
zekenava,1821,-754,1067
RetinalArousal,1769,-384,1385
stwd29613,0,0,0
Vic_Healy,2510,-1299,1211
danielgwood,2502,-1466,1036
JesusPsalm23,6553,-1332,5221
AshwagQ,0,0,0
bestguypsu,462,-162,300
HelenkayR,4099,-480,3619
swdwright,1237,-719,518
Its_QWop,2144,-2002,142
refiloeatl,1670,-1295,375
Vikashrgp,1335,-438,897
A61900526A,4,-2,2
encryptedhes,3221,-1302,1919
EsahGha,912,-487,425
nsfwstyIinson,8,0,8
_Smoh09,1591,-1324,267
cheskahechaa,685,-275,410
maya39tm,0,0,0
Peter040660,3413,-334,3079
z985playlist,1450,-777,673
SinchanTanya,292,-129,163
xo_teja_xo,2387,-2177,210
kevin_kukla,1901,-2265,-364
raizul_,1113,-329,784
KENNotBeStopped,3235,-2470,765
02mahima,4454,-890,3564
ayamapdet,343,-373,-30
talab22,1511,-226,1285
superjd01,1709,-311,1398
Tcher_hans,3,-5,-2
ahmedalkhoori1,0,0,0
QynSadje,628,-287,341
FEMCEEDOTNET,872,-959,-87
kathlynguinto,2079,-684,1395
jaykeynoo,1349,-1534,-185
LynAngelique,984,-355,629
Shahabalsaadi,71,-12,59
hadidizzz,224,-91,133
__Chicharito,1404,-858,546
lexxykeittth,1189,-938,251
Robstradamus_,1910,-2032,-122
SceneFromWithin,941,-360,581
saeed_saeedoh,0,0,0
lovers_shadhika,1733,-752,981
McMASTER_32,386,-291,95
F_Najwa,1046,-655,391
ResilientBrute,1570,-855,715
ra_winwin,202,-41,161
___WiLLiaM_____,1553,-2137,-584
NinahBrendah,925,-305,620
ProRetailNews,1438,-119,1319
_alphabravo,2069,-489,1580
_cheatham,1970,-2090,-120
TangieHitz,1969,-158,1811
NicKieSoLiD,543,-107,436
Maha_Aalsi,2585,-1937,648
rosesclifford,3128,-1400,1728
Hk_t1,65,-14,51
Olaitan_HD,3241,-1779,1462
ZERUDAH,1161,-506,655
kikkikkikkikkii,341,-75,266
Markmanships,1167,-519,648
AmieraIdzalia,1242,-740,502
daisyalonsoo,2718,-1666,1052
jerrykuch,2202,-2089,113
AcneNoMore0,225,-104,121
zjmewg,2261,-1906,355
Jayysquad,2349,-2509,-160
AMAccountinguk,414,-58,356
hutamiAdnsh,1438,-282,1156
garciaa_abril,1611,-1622,-11
doktrspin,2164,-2764,-600
kataamirage,2178,-44,2134
Theb0y_danny,2823,-1048,1775
Chandlerochoa,688,-918,-230
MisterDammy,1577,-2337,-760
vMackem,3868,-1294,2574
AIejandrAIvarez,3094,-2276,818
kayehudierez19,2480,-473,2007
_ashleyygiselle,1802,-2228,-426
izwanosman,1187,-825,362
MotorCityRipper,2878,-1689,1189
inoino1018,9,0,9
deanofsurrey,2326,-1466,860
Anasi_Ayubi,840,-365,475
26134stwa,0,0,0
nqaar_5ashab,0,0,0
DDD_TX_,23,-43,-20
lalalovelindsay,651,-495,156
shiningzoellaa,2355,-661,1694
NaanaNimal,2462,-1887,575
azziejoyce,1216,-568,648
idkloveislove,1614,-931,683
princesszai04,3399,-259,3140
devicesz,494,-222,272
StopDemonizing,2665,-6554,-3889
AhMed84560760,2560,-556,2004
CNCgtbt,0,0,0
SINDOnews,164,-147,17
dmfa20901,14,0,14
DOLLARFLIP,3386,-3577,-191
tvmakassar,219,-88,131
maomee82,17,-3,14
EmilyK1983,15918,-199,15719
xxsarahx__,69,-103,-34
Anchorcake,1852,-1585,267
toeicguru,156,-114,42
brucejsh,5,0,5
ayfermalik290,621,-410,211
96__hebi,3,-8,-5
NeuvooMarMelbo,973,-85,888
maktea94,2230,-1418,812
MurvetSefereli1,37,-22,15
inord_est,0,0,0
xgeorgiaaaaa,4102,-1261,2841
Emilie__William,2864,-435,2429
IslamMaradona19,71,-31,40
WolvesTomlinson,2704,-1158,1546
MarijuanaWriter,4186,-914,3272
vipmsdrt,90,-37,53
ogrewars,3225,-3889,-664
glasgowwedding1,1218,-183,1035
LacieLaPlante,2974,-1776,1198
nansazmi,1629,-832,797
keisha_welch,360,-364,-4
MMsebastian27,100,-198,-98
MorganaBest,4318,-1633,2685
g35445125,2874,-291,2583
rendaiki012192,9,-4,5
darayuri,524,-3254,-2730
_emiliannaaa_,1863,-3003,-1140
naveen_banjara,130,-8,122
KYP_9201,777,-51,726
dreamstory69,13949,-75,13874
MissDemolish,2622,-2277,345
ArmadaRirie,1027,-319,708
MecklesMassacre,2148,-1801,347
TG_Albert,1563,-1837,-274
contraultra,637,-267,370
DamanNotra2,5,0,5
PrayVictory,7759,-1241,6518
ExtraPersonnel,79,-45,34
strammerMann,994,-3572,-2578
jcssmelaa,1437,-1025,412
DerGreenNinja,2188,-1647,541
10914bts,381,-88,293
teralynnn,2964,-1688,1276
GillHalka,360,-329,31
CatrinaCzajkows,130,-38,92
AM_Fanatics,1235,-266,969
DoraeRose,2475,-553,1922
chloeelayleyy,1938,-1878,60
LasVegas_Jobs_,1677,-389,1288
SueParris3,2768,-1797,971
ss_aiii,338,-194,144
rdlynhrms,1552,-671,881
DenkBrettl,819,-1747,-928
_margrett,1814,-745,1069
guptasonali,4456,-1164,3292
tommywhealy,1,0,1
khal_leesi,2194,-1506,688
greatrabrani,82,-67,15
anntzt,1378,-1300,78
Toetoee_,1556,-1370,186
dhaniellamolina,1096,-749,347
janelasaraza,1291,-229,1062
kaho_nn4,0,0,0
TechNews_2015,1950,-1210,740
RichidCypher,2084,-983,1101
DarrylSnoddyCFC,2543,-1776,767
beproudbepro,2658,-130,2528
Furahaest94,1996,-3952,-1956
yameenbhatook,52,-11,41
sUPHATsANEE,282,-45,237
sweeettaetae,1183,-614,569
zephyamy,1885,-1223,662
love_cincere,3621,-2908,713
Itzlovell,1485,-1117,368
IsraelinGreece,1119,-2669,-1550
Sha_61BIK,216,-65,151
jewelsplusdrugs,7,-2,5
3ten_KARAOKE,0,0,0
anarcho,1868,-3406,-1538
Mixhel96,472,-449,23
RevoSwagg,1880,-1066,814
_mariaamx,23,-14,9
muralid32284594,140,-23,117
RajputVishvas,130,-43,87
kruckles,311,-192,119
oSebas69,87,-110,-23
bl00dsports,3128,-2830,298
810_884,9,0,9
nksingh89,139,-131,8
fazuramina,393,-222,171
3BEED_Z3ILU_,75,-21,54
siaayrom,1641,-2201,-560
gridirongranny5,7387,-196,7191
Schwag_meout10,2632,-2866,-234
TrevTech_LLC,2186,-1211,975
dhiggins63,2101,-1980,121
tai_subasubaru,473,-44,429
jssclf,136,-101,35
dailysingapore,1560,-2127,-567
miakhalifavideo,1286,-230,1056
DAVlDDUCHOVNY,3172,-2347,825
cutecuddlyniall,2709,-1702,1007
jamnnp,1244,-291,953
officialktae,317,-39,278
mark22_august,733,-228,505
tatsuya_bocchan,667,-232,435
avvydoe,2426,-1821,605
CelsaWalston346,66,-26,40
_Reality_Check_,742,-2325,-1583
ppppraee,158,-86,72
aisha____t,1788,-920,868
Cuetzi,99,-105,-6
ettiep87,42,-1,41
ShAlkrany,0,0,0
reimademedoit,1545,-1442,103
Rooz0r,2350,-2164,186
MarioMYoko,1940,-464,1476
TitaAdona,2686,-178,2508
Gaurav_agrawal2,2498,-1748,750
jenn_elix33,2731,-2441,290
oufc_turkish,4335,-1431,2904
Deals_7xxi9,2162,-332,1830
lauraloousher44,2251,-710,1541
solozanye,3045,-2565,480
jeffreydennsnio,149,-55,94
Marianna_Moses,288,-225,63
cocainepng,2580,-1832,748
vel_jaya,2338,-2750,-412
VLUTHERR,2690,-1819,871
31582x,0,0,0
RatchetKareen,2604,-2978,-374
lucy_garvey,49,-26,23
simfone,2256,-821,1435
rena_0726,20,-3,17
xoxo_Lexxxxxx,1585,-2299,-714
hannylund,1853,-834,1019
numthang,217,-252,-35
xhernandez88062,1758,-2368,-610
full_rips,2624,-50172,-47548
Pooja_awsome,1491,-226,1265
SalveSayson,3590,-1340,2250
BizFuturist,2181,-1442,739
Kavita_M57,2212,-2747,-535
MikaelluzM,2671,-270,2401
wildfrantasy,3053,-1076,1977
vpu26,11,-4,7
EOAyisire,1975,-2037,-62
Taiki_sato0125,3,0,3
mustachejelly,2034,-1236,798
tonytrannguyen_,1879,-2055,-176
rhonavaleza,1575,-395,1180
A3S88,54,-60,-6
averagegamer_27,6468,-1375,5093
wielerrondes,142,-122,20
JimLamprid,419,-187,232
DReyhane,22,-29,-7
itz_swaggboss,3685,-590,3095
YoubidderJarvis,5011,-449,4562
Greenpeaceafric,2431,-1206,1225
JaevonQ,1776,-2597,-821
__larme_plum,0,0,0
CrystalDavis_,1214,-443,771
bluetomorrow,782,-102,680
HarrysAngel31,3010,-1003,2007
mathildeivoix2,4,-6,-2
kancban_,134,-55,79
DanaFhme,3,-2,1
dimaodir28,30,-20,10
MSzy4w,0,-6,-6
007dq,2125,-2600,-475
arisFirdaws,1629,-463,1166
itsmemegsss,1720,-741,979
tag___tty,0,0,0
dalldelldoll13,469,-87,382
sierra_lisetski,591,-359,232
alifaizuddin_,1269,-781,488
shekinahtan03,1948,-369,1579
PSWren_UPSB,213,-172,41
simfoodrecipes,1160,-499,661
GreenRanger1926,81,-100,-19
EnzoZid,359,-959,-600
louis_v_rich,1014,-1467,-453
anszulaikha98,392,-233,159
gam_bb,243,-68,175
wx1nn,432,-47,385
asuka145145,0,0,0
yuka0mu,3,0,3
3azmekw,2,0,2
aasisvinayak,2030,-1532,498
KennardOhLawd,1780,-3781,-2001
cursedtyler,2814,-1139,1675
Mayarmu,190,-82,108
MuiiZiiMoulinex,56,-30,26
LMM1952,3348,-2132,1216
PiyushSablani,177,-94,83
aishahmokh,1407,-914,493
mayeng_cruz,2547,-246,2301
tedcatalyst,1181,-912,269
Nikki_RhodesX,1,-3516,-3515
WIEF_Foundation,863,-63,800
hard722,24,-24,0
TVKev,4057,-1349,2708
caducou7,6,-24,-18
joynwabuisiblog,1962,-1232,730
elymaytaurus,105,-6,99
CallMeShendra,2780,-1987,793
KINGFELA2367,3137,-2696,441
andryihaaaa,340,-72,268
dwiagniya,386,-125,261
AnfieldExpress,2883,-843,2040
zinaaalou,820,-317,503
eyysssi,694,-297,397
dubh,2936,-1305,1631
SayQuartz,0,0,0
Naif556677Naif,3,-12,-9
oquelguerra,1943,-536,1407
iamsleekyJ,2676,-2060,616
Sanamal66604062,425,-549,-124
iusher,2337,-1070,1267
AddictsSpouse,3148,-108,3040
dispatchnewsdes,1462,-1579,-117
MariamElwatedy5,145,-98,47
Class913fm,1560,-2802,-1242
kishikennosuke,13,-3,10
StrikingLord,776,-891,-115
BillingJade,2290,-962,1328
BlakeSwolley,2518,-3198,-680
NenaAverilla,2808,-316,2492
kimmayeet,2450,-1493,957
miu___badminton,0,0,0
HotJobsPakistan,307,-60,247
boltonetroy11,1199,-1063,136
4m_JP,1812,-1793,19
TheoasisMaureen,91,0,91
wendeplacencia,856,-193,663
Adorespecialk,10,-42,-32
swankyxstyles,3518,-2342,1176
Cutemaria2Maria,352,-101,251
1lessZ,1363,-551,812
tentooed,1167,-999,168
82930slhb,0,0,0
odiboutique,1682,-615,1067
chenveetyazez12,67,-67,0
leadearl,285,-100,185
kevjr3,2009,-2165,-156
shayadcelso,639,-99,540
madihahrozu,1875,-617,1258
taigabyerza,1847,-596,1251
MaganMunden23,122,-48,74
kumachan0157,0,0,0
Sand0khxn,2209,-2853,-644
_dmatteo,256,-98,158
coffee__beanz,2048,-978,1070
OcarinaZelda,2435,-1369,1066
GalaxyBlackHat,4307,-1669,2638
Barooke_,67,-17,50
SleekMoneycom,1072,-165,907
DanielPeleha,7,-4,3
KamenjarCom,5,-39,-34
GorgMoonlight,1601,-609,992
7oOm_20,0,0,0
NotAgainBen,1764,-1777,-13
satya_8888,45,-3,42
Jib2daKAY,602,-180,422
suaavvee_,64,-72,-8
17dandelionh,2111,-1052,1059
THIRSTY41D_X,4727,-1551,3176
SandallCarCare,4764,-423,4341
worldfactz,3024,-1672,1352
F6oOom_Eltoot,58,-10,48
naska_wimper,12,-8,4
Tessie116,133,-36,97
iHate_Dm,2809,-1698,1111
XXXWNKNXXX,835,-76,759
Sitinurayesha,1548,-665,883
LouiseGica,1179,-546,633
FitnessQueen69,489,-116,373
courtknee109,2933,-2414,519
MikeTheProject,210,-112,98
AdyHaida,119,-36,83
JordynPordyn,2280,-1788,492
MikeOver1,1372,-2716,-1344
Yuuki_048,225,-172,53
KiaraCowell,3948,-914,3034
Hendrih66186426,18,0,18
Mona_Hobeika,1061,-561,500
sammyedwards97,2219,-1370,849
Decacaz,574,-589,-15
virgehall,2096,-2966,-870
auwalharun100_0,0,0,0
almatadoursex,2019,-1584,435
chiragakkian,171,-18,153
MichelleCaswell,741,-553,188
JillBoonyisa,772,-196,576
UptownHedgehog,63,-71,-8
jsb_xoxo1130,14,0,14
a_mjz,1,0,1
Roeparkers,954,-202,752
manishkmm,30,-20,10
TheRealTremain_,1827,-3309,-1482
tommoerectus,2936,-1946,990
Aupairshanghai,680,-74,606
jhettirose,3980,-1743,2237
c2c_Rail,1340,-1182,158
IHATN,2076,-2370,-294
ShafiqAzmin,1992,-517,1475
Industry_co_uk,2003,-220,1783
Malikthagr8,2323,-2371,-48
Jackieeeecx,1267,-1195,72
west__kotaki__,0,0,0
subtextdigtila,985,-407,578
Auschickie,287,-207,80
snowsolstice,2436,-1358,1078
94c4919c2d194c0,0,-3,-3
5ugaf00t,2067,-2919,-852
SamuellDonna,2557,-1537,1020
AshmitaLamshal,5937,-981,4956
patricio_krisha,91,-110,-19
sallylally37,16392,-296,16096
yuzu_winnie30,108,-7,101
delunakathlyn,16,-9,7
AAPVind,947,-872,75
_StrongImages,245,-8,237
ThisForCord,3086,-2844,242
GeeLaVida,2193,-3444,-1251
CurlingRiver,2085,-2075,10
06279jcsa,0,0,0
elizabeth211190,1792,-2960,-1168
anst_mr,0,0,0
muhammed_nasr,30,-12,18
Favstar_Bot,1278,-2,1276
__pomiwa17,4,0,4
rezasaki,3,0,3
applewatchgram,0,0,0
DaimenHollow,3996,-4724,-728
senior_kiddo,220,-295,-75
ASuazo_,1329,-505,824
BradPet22274517,9535,-1451,8084
MahathirRatul,247,-454,-207
ZaddyMeech,1717,-2252,-535
Jackie_montes,2161,-2472,-311
conorballantyne,2985,-2468,517
joe_berjaoui,2386,-1386,1000
NooeedFCBodysla,0,0,0
Moist_ebooks,2659,-2850,-191
skm0411,1213,-880,333
raghad_algha323,0,0,0
MixhValZ,1676,-1634,42
veronica_xo2,4297,-1745,2552
FuggiPrincess,256,-75,181
maintvxQ5,670,-200,470
EazyG___,622,-1014,-392
safabert,1620,-3012,-1392
khaylun,1569,-1710,-141
SuperrstineBYE,1403,-648,755
Jackiee_Sandd,155,-69,86
Rioudi_P,58,-40,18
HHH_76,0,0,0
ThatsMarisabel,2072,-1813,259
Basavatarakam1,45,-34,11
ofcaldub_pang,2467,-316,2151
UrvDaManiac,1673,-2865,-1192
24DaysLater,3387,-1073,2314
queenbalam,2628,-2362,266
pxy,1665,-1005,660
ParkOrangeOwl,1169,-22,1147
OsmanRhonda,784,-574,210
pressebank,606,-700,-94
DjJohnnyQwest,2158,-2469,-311
SweeettTea,2382,-2331,51
last_phase13,0,0,0
__Dgotti,1907,-2497,-590
aurora_kwt,147,-94,53
greetingsbot,0,0,0
Hinata0417x,2,-4,-2
RadhwanTobal,0,0,0
danielhunkstrom,124,-106,18
joshisapIeb,2972,-3118,-146
DanialHalus,908,-898,10
Team_Martinez19,1226,-222,1004
Celestiafan,1733,-318,1415
girlnotes0,278,-167,111
ParlousWeapon,302,-278,24
mdal3_03,3,-20,-17
Zareef_Osman,2402,-2078,324
remdeikuncasval,3487,-2651,836
lisathegeekmom,2588,-443,2145
Chellibabbbyy,2643,-1997,646
xxxlessslie,2677,-3341,-664
TOONCL,36,-12,24
onekosan0907,0,0,0
JakaMarwandi,212,-61,151
Lujaingh7,7,0,7
ravibansal6989,3458,-222,3236
laramurallos,204,-93,111
skullxcrusherx,541,-353,188
adree_thomas,179,-80,99
bazaar_android,454,-356,98
KingViratian,1839,-728,1111
MannzWorldLoL,2045,-2132,-87
LilTwon023,734,-3179,-2445
AhkiJobPortal,746,-58,688
frailtystiles,827,-971,-144
Qassab8,1733,-985,748
M6iscoming,41,-18,23
avila_russel,1191,-465,726
bvpuntcom,331,-377,-46
ohhowlbu,7,-2,5
HanaaAbdullah7,0,0,0
AM_beauties,910,-299,611
FogleBecky,236,-73,163
Czad_Kamien,3359,-1873,1486
iloveitdigital,1092,-237,855
FrenchNacs,1487,-1724,-237
07838jcsc,0,0,0
02738gnla,0,0,0
PF8oIGYrNZAEWhW,0,0,0
Bluepsych73,1626,-480,1146
stahpkaisoo,1691,-1763,-72
Costello_Shayna,1621,-2621,-1000
gidgetannabelle,22,-8,14
ArtisanReels,3097,-739,2358
CA_Lady,2595,-2410,185
BloggerNoLaptop,1377,-880,497
DenInsurance,524,-267,257
PPraeEeE,133,-81,52
K_DFFAC,0,0,0
GLEEKOH,1880,-1650,230
abhijith_t,62,-11,51
aisyaheay,1139,-552,587
iknowavery,2142,-1280,862
laflamebizzle,2273,-3135,-862
LGM_EsEs__,12,0,12
elizabe77648141,954,-1211,-257
Kate_Sykes_TW,3781,-2095,1686
bethidia,4275,-1271,3004
narrythep0oh,2515,-1029,1486
AimeeNku,3,-1,2
areginuko,0,0,0
yoya20100a,39,-8,31
havenhermosa,1648,-3400,-1752
TheRealKwabena,1983,-1364,619
MrsPandP,6134,-549,5585
digievangelist,4164,-768,3396
Abubakar5241,1773,-1185,588
FashionTutoriaI,0,-4,-4
SuckMeSlowlyy_,1732,-3529,-1797
LynnHainer,2951,-617,2334
guy_interruptd,2325,-1728,597
qJj8uW3L1ELU6zg,0,0,0
ImJust_Doma,2026,-2555,-529
nyamsain9,6,0,6
cellbiatch,485,-360,125
CatherineABird,2568,-1497,1071
LauroraMalou,3227,-388,2839
blogauthentic,1498,-194,1304
Phetsam22734955,165,-37,128
NurRabitha,758,-396,362
CLilaine,2733,-254,2479
taylor198901,2846,-53,2793
HypnoticTurtle1,348,-132,216
MAHALIAXO,1783,-2442,-659
TheCrifcitos,586,-210,376
apinkstar11,1442,-256,1186
tonytone81,1720,-1572,148
123bollywood,2120,-971,1149
B_BIKON,518,-151,367
meenadmr,546,-124,422
calvinnpham,1750,-1946,-196
6b06e233d727405,2740,-301,2439
yuzukkomikupon,0,0,0
DelilahDemille1,97,-35,62
maa5_,36,-35,1
Inshal07,1676,-1344,332
WeatherMombasa,0,-8,-8
Iikeanangel,1501,-1092,409
sasisasi518,445,-66,379
mxrciesimpson,1804,-1165,639
clayjylre,0,0,0
ShelfordBen,1221,-412,809
thespongetwin,1688,-596,1092
cbronline,1864,-1010,854
sxlhyunkims,980,-319,661
tousouplay2,0,0,0
cxc4155,2122,-2211,-89
ImMinSeokswifee,29,-15,14
seducives,1,0,1
BeckaRooth,1887,-1050,837
irais0515,512,-424,88
shaikha_ysa,1160,-1176,-16
gzitalia09,2526,-358,2168
alfahridho,114,-97,17
_dara_b,521,-527,-6
Pamela_Judith_,107,-414,-307
berryhl007,1568,-2370,-802
MeSorav22,253,-298,-45
2mdpCOuQbZobItQ,0,0,0
AAAksun,1499,-281,1218
meerdock,241,-154,87
SierraSadownik,4424,-1630,2794
TopNewsAccounts,1509,-3002,-1493
Maza_Marika,783,-466,317
HbtSx56,0,0,0
laurentfbonnet,199,-49,150
mappay,192,-109,83
SyinSani,1018,-437,581
FeedMeTheatre,1956,-780,1176
thatsTelugu,0,-4,-4
marcstorey,4572,-650,3922
SmartFM_Manado,293,-98,195
GlocenzoSosa,1831,-4654,-2823
sehajdeepk,2505,-200,2305
sfjso,0,0,0
_sareenuhh,533,-655,-122
DannaRigdon,1323,-488,835
ashley_xo___,1916,-2284,-368
nishajg,6225,-412,5813
Ratna_NK,256,-21,235
CintaSpontan,497,-228,269
TheUltimateWard,2376,-2466,-90
awanyoike3,2319,-782,1537
exfm_thia,24,-3,21
gkgauravjan,205,-107,98
BFMradio,1580,-736,844
lolitabbe,3117,-1114,2003
l45h1,0,0,0
sunderaram,1933,-277,1656
SOMWANG__,39,-7,32
Animeshsen10,3828,-730,3098
araeropele,1275,-595,680
widha_alya,764,-32,732
rockcarefully,581,-356,225
yutky1018,3,0,3
IreneEnrile,3735,-1531,2204
cathrynjbrown,2963,-1001,1962
matadavi037,625,-50,575
AllTimeAJ,2162,-2735,-573
_Abeer_3,14,0,14
Cassielurvsyou,2575,-1472,1103
ramanmano,896,-204,692
YSlMohannadi,100,-78,22
brandonnbrown5,1922,-2485,-563
5SOS_ImAFish,2685,-1840,845
QuenHope4,2542,-204,2338
khaledpeps07,88,-30,58
kidmercadoo,2743,-1109,1634
SagadaSun,2110,-2018,92
Curlyfry_xo,1753,-2074,-321
aaaaaa20133,0,0,0
Murdamunchie,2427,-2174,253
abdulazizhk99,3,-6,-3
carol45belper,2489,-2741,-252
thachew_,1807,-2128,-321
Teddydraper,1719,-1416,303
Jimalel,3076,-2027,1049
dolanxnjh,3325,-1324,2001
suitreport,2321,-1701,620
miniidb,490,-111,379
GerkenAsFuck,683,-374,309
JunnieBeeGood,1295,-492,803
CohereSustain,889,-68,821
etcPB,2577,-582,1995
andrewDB_,943,-569,374
Sarooy_h,263,-47,216
YGstarsOFC,2639,-213,2426
geostatik,22,-1,21
pukalski,561,-57,504
parkrang3r13,718,-306,412
LouChiMinh,137,-769,-632
spadeandclover,3293,-366,2927
findYserTweet,0,0,0
FAMBROUGH94,1373,-1587,-214
KurasawaChiyo,1651,-662,989
BumGangSaint,2434,-5181,-2747
GelliAngelika,1381,-687,694
KorneliaSan,2753,-421,2332
gertrud0811,1148,-213,935
7amokcha4,423,-77,346
tahani3677,0,0,0
Pufffml,1540,-2061,-521
asiaDREAMplay,1125,-848,277
dhamzsaica2,2543,-254,2289
loveslawley,2931,-1015,1916
johnhill1966,5039,-953,4086
khericares,107,-54,53
Ls2god,1319,-2431,-1112
KatyCatMatthew,901,-403,498
Singedrac,1949,-1420,529
MarkElswick2,3765,-1589,2176
KarenNSports,2078,-1500,578
seoulsay,313,-113,200
AhmedAlqashar,14,-1,13
HounddaGod,734,-553,181
danweelz,552,-307,245
UkTriChat,5055,-715,4340
_iCua11,3,-3,0
nona83067,298,-27,271
daddyowenmusic,4021,-494,3527
CowboySciFiBot,2604,-812,1792
princelebekwe,1667,-2315,-648
turner_hull,2163,-1567,596
llxbe,12,-3,9
devera_mely,2849,-278,2571
lenadej35,1225,-803,422
PrinceMphomane,423,-251,172
kaminatuki1018,3,-1,2
Najm7007,0,0,0
macroart,178,-82,96
yuma_mayu_chan,3,-10,-7
AltieRuhi,3734,-1937,1797
DrJeremyNeill,3202,-1532,1670
the_KerryOut,1902,-2137,-235
___keekeee,2326,-2574,-248
victormatara,1840,-402,1438
rrsamson,1093,-511,582
sasha_twt,199,-60,139
JohnGD94,4921,-1697,3224
NonVitalTooth,953,-1462,-509
dylxnphck,5,-3,2
Msiziakonic,41,-22,19
InstrumentalsAp,3804,-1789,2015
MsUniverseCrown,2713,-1971,742
Rare_Niggaa,1735,-3378,-1643
transitionyte,2492,-468,2024
Hawluchamp,2175,-2083,92
festoo_kip,131,-59,72
websalesmapic,310,-94,216
CGxxyugwoo,1874,-471,1403
mani_syed,44,-79,-35
cdb_kuro,1107,-735,372
LovingFacz,67,-107,-40
SecuLawyer,2176,-1546,630
deciliokniks,1917,-1068,849
Radhaswamy1,239,-74,165
SedleyHelen,2518,-1385,1133
palms924,2559,-1229,1330
soakleyy26,3309,-1664,1645
JoaquinDuarte01,2828,-2283,545
TinyNue,2622,-1510,1112
Charlotte_Clara,2198,-1606,592
YogaIndiaTweet,231,-43,188
KofiFIKO,2602,-1439,1163
x1alexxanneee,2868,-1140,1728
marianolima39,140,-643,-503
JontahWesley,2265,-2007,258
foa2016,1354,-124,1230
JEENZJI,708,-243,465
diamonduality,201,-117,84
kenishak27,62,-21,41
Dye_Go,4156,-2875,1281
MrSoup_,28,-18,10
elusvechanteuse,26,-8,18
coolbiRdpics,1423,-701,722
lifelikeles,1043,-570,473
samealhsamea,0,0,0
explicitvelez,2395,-1784,611
Whistle2MyTweet,1829,-2164,-335
Florentino_Schm,2625,-2200,425
Jubah_Langit,1577,-786,791
milkchocomin,491,-67,424
ryoken1031,1032,-86,946
BasicBitching,2191,-1899,292
graceavelino,1663,-606,1057
eBayTicketSales,700,-328,372
JiNgC16,2597,-229,2368
26003stwa,0,0,0
GM_NFFC99,3148,-2223,925
kenkenpa_guu,24,0,24
iamdjtcosta,1668,-1668,0
G4_D6_CD,550,-302,248
TheNumbuh23,2509,-1418,1091
ItsBrothaMike,937,-1134,-197
JimmyPimental,1568,-1007,561
TheMarcStone,1829,-2075,-246
zjxcvbnm1020h7,3,-1,2
AidenKama,1162,-961,201
indra_wahyudi26,233,-31,202
CharlieeBradley,2762,-1505,1257
dalvir_75,384,-326,58
RMAlkendi,2,0,2
CindyCrln,1318,-567,751
heavnly_bluntd,1751,-3234,-1483
abuadham24,616,-295,321
ilonesswithin,236,-119,117
Ashleyaireonna,3562,-2891,671
_KareseJanae,2498,-1859,639
ExxPr,0,0,0
makoto_3nami7,0,0,0
AllThingsBTC,1137,-348,789
Arribosuave_,1302,-2960,-1658
oneseventycm,1980,-1188,792
AshleyGammie,39,-15,24
Georgiporgie00,11881,-594,11287
beaa_xoxo_,2162,-1988,174
angelinegalope,2628,-341,2287
_ldh_eglove,10,0,10
AliaaIbra,181,-101,80
hq74829368,503,-77,426
caithlynetomato,1779,-902,877
SPothitos,17,-20,-3
EllaineRayne,1595,-613,982
DumBUlL,2177,-1203,974
omocele2015,333,-73,260
hoossom,0,0,0
eddieblurz,1160,-574,586
ShaiyaBeginning,118,-77,41
JasSabb,2200,-1235,965
xajwdjsn,0,0,0
oussamahamadeh,1306,-119,1187
bevreid16,4059,-1235,2824
momone_2413,0,0,0
____AdoreA,1702,-3558,-1856
NAMZICO98,227,-55,172
julien_lefort,506,-45,461
ihaterealityrn,5631,-547,5084
MzbelMusicGh,2246,-1804,442
bassit_farokh,1420,-1906,-486
Eve_SaiSod,238,-61,177
jvdgoot,1994,-1530,464
nitanbibiboy,1119,-739,380
WhyNot_Ballout,2139,-2283,-144
iamkanar,1795,-1181,614
elaminsuleiman1,2691,-967,1724
AMMoslehi,0,0,0
IAM_DA_MACK,2667,-2113,554
esyawardah,1740,-678,1062
Jasparislife_,3063,-898,2165
Nurseryadmision,881,-312,569
philthebakerbjs,2560,-1412,1148
_d_a_r_c_i_e_,2933,-514,2419
squall_mhx,0,0,0
morgarreguin,543,-457,86
syra_rara,1236,-628,608
JtPellegrino,1373,-1033,340
InfidelAnthony,2087,-2913,-826
zjmftdrizzy,1933,-1689,244
Legit_Ichimatsu,1601,-1721,-120
sereignedeepity,2695,-955,1740
hafizhusain,945,-137,808
Luntha_N,2183,-1671,512
xtiine03,1535,-1259,276
Hammyqahki,1983,-1065,918
TylerMinton52,2888,-1022,1866
kbdpshaira,1472,-402,1070
YorryFremulon,2758,-1549,1209
Blacktradelines,614,-180,434
GroovyNegro,811,-1014,-203
miheow27,1372,-227,1145
EnikoKvcs,63,-1,62
MariaPerezPang,2844,-269,2575
TwitidolHD,1582,-2337,-755
ThizLalozzLyfe,2207,-5089,-2882
mimilkk1,130,-50,80
amevance,1605,-1476,129
dani_girrl,703,-669,34
SAMukangPINTO,481,-100,381
iSHALreturn,199,-58,141
nana_milk,227,-44,183
ChavezMaao,2236,-193,2043
oxiallopono,23,-14,9
chryu_928,85,-39,46
phoremesh,516,-559,-43
Mobookreviews,3239,-838,2401
rajniinsan76,3468,-308,3160
nossy_cafe,2111,-1816,295
IphoneP987,0,0,0
feelingjcru,393,-211,182
deannaniicholle,1719,-4124,-2405
jihan_5h,2349,-1562,787
08004jcsc,0,0,0
022_revedizo,2208,-677,1531
naguit1945,3532,-229,3303
jazzyjazshop467,496,-40,456
BBerdwell,0,0,0
syaarashid13,832,-305,527
PaulLboee,179,-54,125
VonTheSpitta,2105,-3632,-1527
alistair1946,1011,-340,671
q_npl,9,-19,-10
deroooz,69,-22,47
xpeanutgalleryx,2309,-1779,530
reitsujiarts,2004,-1460,544
kai_doctor,119,-50,69
Adrienne65,3172,-1405,1767
GoPenskeCareers,900,-11,889
eatthaimumbai,1578,-144,1434
justshotMD,925,-511,414
tifanie_mari,2645,-2159,486
miguelredders,1908,-1654,254
paolamay21,1172,-501,671
dianedellamas_,1666,-1037,629
ImproKLANCYK,46,-27,19
trafficscotland,2342,-1214,1128
a__tkt,0,0,0
_sisterelf,425,-97,328
Larry_Ceritez,2238,-2295,-57
raelee514,2823,-1803,1020
nanthiqz,165,-89,76
rasp12,0,0,0
Hazimoo,935,-560,375
nisyasbrn,1500,-650,850
prae_JH,204,-50,154
alexashoen,2747,-829,1918
kokoroachs,4199,-780,3419
h11dfs,2336,-1380,956
izatiazha,1881,-543,1338
dannyduces,3111,-7088,-3977
anneliriisalu,658,-415,243
Lucreciags38,2761,-1293,1468
VickiBatman,2521,-874,1647
TwoineyLoPromo,934,-1420,-486
Justinecase__,2292,-1062,1230
OUAT_Dreamer,2982,-1062,1920
knteroristard90,3,0,3
GeetaSaini6,2290,-140,2150
sanjayamulya869,31,0,31
Shameez_singh,3665,-1786,1879
KILLQUWOP,4904,-1752,3152
Chaloay62,47,-9,38
TheMilkeWay,191,-23,168
banglachotion69,39,-108,-69
Suhaiza_Asaari,1033,-395,638
BasmahBam,1575,-1105,470
ALIAMALIKDEN,2590,-776,1814
FelinaGroh,85,-38,47
evepaludan,1258,-821,437
PhazeJackson,187,-28,159
IamAkRahul,3152,-879,2273
Pattiekizz,313,-81,232
143_shinee,1,0,1
GeronaKenneth,168,-11,157
kellydavey_x,2392,-2790,-398
Olayeankaa,2350,-1908,442
elstiga,1816,-1931,-115
SuharaAmar,1096,-711,385
krysptaljung,2009,-638,1371
lynetso,1619,-2883,-1264
mikesaulo,2078,-610,1468
azarputra5161,793,-292,501
talalb35,1716,-823,893
Emilio_cruz03,2397,-2712,-315
86FDGTR,0,0,0
iLove_Bailona,3032,-212,2820
_JustSwangin,2461,-2402,59
worshiphealy,2926,-1566,1360
jngxchanwoo,575,-270,305
raihanadhira,1817,-768,1049
TfcknSAR,2335,-1757,578
churchgrrl78,815,-228,587
arichikamifu,2805,-1095,1710
SoniaBoue,4071,-1088,2983
downloada2z,3118,-301,2817
8888naota,0,0,0
HaileyHulett,1391,-898,493
DuncanIsabwa,2313,-1838,475
ovoxound,2788,-3297,-509
windowwander,812,-46,766
RedButtonss,46,-25,21
nuopcityfm,578,-522,56
FunniestH,361,-54,307
vivalanka,1016,-2627,-1611
azrinnazmann,1876,-646,1230
rundownlwt,3031,-2215,816
AsAnuSharma,589,-122,467
initalianstyle,67,-6,61
TrillNiggaJayyy,2026,-3409,-1383
steptworu,13,-6,7
Dessie796,107,-30,77
jinxschwartz,4001,-2432,1569
its_drkhalid,20,-7,13
djthursbr,2,-5,-3
KellettPeggy,2047,-1358,689
TheSpkrBrkr,921,-669,252
everydaytronnor,2652,-723,1929
Tspatika,2165,-2545,-380
andyfitty,3432,-1127,2305
francisprabhurp,13,0,13
PanosGe4,227,-73,154
RiahBri,2269,-2965,-696
Safaricom_Care,828,-413,415
ItsSeulgiRV,588,-142,446
G7knights,1699,-405,1294
tumisangmafora,1940,-1926,14
lhen23,1450,-295,1155
thatHoesFuneral,1661,-2695,-1034
korinthiann,1950,-3055,-1105
Johnlapier1,554,-775,-221
Diijayfoe1,2450,-755,1695
uumar1409,2347,-1870,477
aaaaafiqah,1010,-329,681
Str_0301,0,0,0
KitarBF,437,-101,336
Descarga_RD,44,-69,-25
Herrommy,159,-137,22
normanhoeller,506,-194,312
rgdeasis23,1925,-221,1704
lidiastolosa3,53,-72,-19
redrammedia,1816,-520,1296
kendelevs,8,-2,6
FatiiimaKhalil7,1723,-879,844
kompani101,1986,-2157,-171
AnaktisisEurope,61,-89,-28
02541gnlc,6,0,6
NewHopeDrugHIV,455,-527,-72
slutest,1097,-1188,-91
Diiiv_,18,-18,0
chevonneobi,554,-223,331
LlzGoesDurHAM,2593,-1031,1562
vashti946gs,122,-29,93
peyquits,1085,-439,646
iichom_p,534,-107,427
wafikid,1035,-573,462
ishikawa_814,3,0,3
TutorialPHP,942,-344,598
jmoraaaa,1661,-1551,110
andre23wilson,1610,-1766,-156
_WillChick,2446,-1526,920
vsuizoz,1663,-588,1075
kimontarou,81,-12,69
savetimeandmoey,1103,-894,209
leemwales,4052,-1848,2204
UmmulSyafiqah,1160,-639,521
expectroniall,2302,-1281,1021
laguzmage,2398,-1264,1134
mcbryte_draxler,1272,-1122,150
a_GreatGuy,1717,-1931,-214
aubsbell,1015,-637,378
susanneo5,1688,-654,1034
FahdRedzuan,1672,-1325,347
firefighterr27,3124,-2272,852
stephyswift1989,3732,-690,3042
radiotarana,2421,-502,1919
rxLMl27NKp9zrQG,35,-8,27
HowyMC_,2155,-1988,167
NekosukeNe,2,0,2
normad666,0,0,0
je_suis_Michael,3121,-1158,1963
OrdinaryAffair,2716,-739,1977
ShaalV,2895,-1680,1215
lovechristianna,2727,-996,1731
july2k15,8,-5,3
TyTy_DaDiva,3087,-1270,1817
monachopsys,138,-56,82
paulinegoms,2391,-942,1449
katalogpromosi,1550,-99,1451
Fadshadow,1742,-552,1190
joerepublic1,3579,-3566,13
HSorreda,2952,-381,2571
TheMeninist,2159,-2436,-277
hotcreeper,510,-347,163
cbeanpayeras,2896,-3353,-457
Zombie_Prinsess,3474,-1451,2023
UmeiraB,312,-79,233
Hipsta_Mario,3484,-2154,1330
shutupciana,2474,-2889,-415
Gachogu_,2074,-1224,850
M3gasxlr,2339,-2552,-213
ahmedkanjo88,2293,-2505,-212
LeachArthur,38,-76,-38
JeVonGrey,1254,-2418,-1164
OlusayoOlaniyi,3792,-1853,1939
ColdHunterEgo,192,-186,6
brandontyy,2522,-2441,81
SummerAlyah,1531,-1666,-135
Halfthree,1867,-1156,711
omaue1_fai,8,-1,7
dre3m53,12,0,12
he__nd,715,-141,574
Danahalawad,708,-40,668
fyvodycyhab,7,-6,1
organicfoodmail,2202,-1795,407
salehhadi_na,0,0,0
Geonews_t20,312,-171,141
imqueenfab_,2093,-441,1652
MlZFlT,949,-983,-34
_dreadssssss,1948,-2658,-710
CleopiBeatriz,2398,-1714,684
DuikTW,489,-347,142
JayboiiSmoove,2839,-2829,10
herr_brightside,2266,-1334,932
Im_Supaflii,0,-2,-2
jfcmacy,2023,-697,1326
arjunzaadi2,4350,-500,3850
memae823,31,-9,22
ichaicha_chadel,744,-224,520
Aaaallleex_1081,2949,-2497,452
umturky777,0,0,0
tracey_j_,2444,-656,1788
olliewall22,1364,-581,783
PaintNStardust,589,-1400,-811
Chijioke_ON,2939,-1551,1388
EmzmazM,2846,-850,1996
RonBrooksGroup,2548,-209,2339
DailyLINCS,2132,-2483,-351
_ElPasoTX,476,-1486,-1010
edwardahall73,1548,-1436,112
Jeet_Ha_Janon,174,-227,-53
amdymurray,3524,-1360,2164
guilleezy,2041,-3190,-1149
tokkiyokki,2242,-1297,945
BiGuel4Real,1175,-118,1057
mcdochiQUEN,2296,-284,2012
_DIFRNT_,850,-1113,-263
glynmoody,2159,-2068,91
JREGALA30,5,-13,-8
TrinitySendus,6938,-1278,5660
RRI,85,-82,3
ReubenUPS,788,-636,152
buddhalover,2255,-4309,-2054
marcalcferreira,717,-391,326
lorenadodson11,156,-166,-10
JakobLundgren,457,-278,179
mukurobato9696,0,0,0
Kareemezzedien,756,-720,36
Kimsaes,372,-131,241
araiza209,1848,-2823,-975
pansych74000858,227,-228,-1
Preebmeister,198,-74,124
bokuto_0,0,0,0
Brittanayyyy,3420,-5229,-1809
ImBout_CREAM,2805,-5699,-2894
kamalsavla,1764,-693,1071
natarrajanappu1,374,-43,331
namethejune,434,-168,266
amyjayneabbit,3982,-2192,1790
workingpam,4278,-1616,2662
Caastro987Eli,2199,-2115,84
WWFSuomi,214,-84,130
girlsgirIsgirls,2694,-2083,611
Rlllho,23,-8,15
Groupy2RT,31,-7,24
buziosuk,458,-532,-74
yungskeeter,2551,-1492,1059
denyzip,198,-227,-29
KathymaeTunacao,1558,-429,1129
DominiqueReynie,368,-246,122
kim_dongbae,12,-10,2
__adajay,1546,-2181,-635
yt_tama317,11,0,11
reynaldomagnojr,2977,-2384,593
chloekdunn,2386,-1417,969
Shalinii_,994,-182,812
Piotrowski_M,133,-47,86
hindurakshakk,503,-519,-16
raviindra1918,7013,0,7013
__edwardd,1401,-2343,-942
FuckWithMeSluts,0,0,0
MadisonRuditys,273,-167,106
tatsukikn,1,-3,-2
imonyyz,491,-199,292
starhio_,3612,-1208,2404
shshsh625,1,-17,-16
JelliSenpai,2239,-1677,562
LSLarryShippers,4268,-1194,3074
craigratcliff61,1759,-1289,470
Zed_MRDGB,6799,-1910,4889
ployza05,346,-19,327
Garber12Jacob,2234,-1349,885
HenryWalker02,2099,-869,1230
ShehwaizA,439,-106,333
panumasTa,2,0,2
BagHeadChanDesu,1168,-1392,-224
_Sourabh_Singh,3720,-1264,2456
lemoxu_,151,-4,147
nisaeliana_,2357,-2028,329
KarolKelleher88,90,-61,29
SUREN_KK,421,-226,195
MD5DBNET,0,0,0
Wendy__CTS,2129,-1228,901
one_arifff,1354,-585,769
Lgaskins222,565,-147,418
dadan_mishra,603,-316,287
KirkebyFaith,2804,-743,2061
moulanapanji,921,-281,640
CRECSCardiff,510,-129,381
TSCHAUTSCHUESSI,352,-253,99
Merupu000007,2488,-447,2041
LeMiseraple,615,-162,453
Dan_Slater1,310,-74,236
Bossdaddysydney,2218,-2568,-350
SiyaKhula,1890,-2526,-636
ianjukes,3799,-1115,2684
beerpixie23,3132,-884,2248
FailsHuge,2169,-650,1519
hhn6StDrYIOXb31,8,-8,0
azizkhaskieh,7,-2,5
cikBungee,786,-198,588
Andreina_Vzla01,7,-13,-6
_thahomie,2128,-2033,95
iPraveenG,1784,-2046,-262
KQuejada,2785,-859,1926
bradistancallin,1078,-1178,-100
ProducerScott,3061,-1304,1757
dklahowelI,2387,-879,1508
ChanelSaysSimon,2641,-3576,-935
NuExec1,3679,-250,3429
livshockey,692,-427,265
JDW_2x,1743,-3492,-1749
SagarikaChodree,1698,-1417,281
SHAKACASHFEINZ,2461,-3173,-712
adarea,621,-655,-34
asmidah96,59,-19,40
niazmalik234,2105,-1368,737
notyourvecino,2240,-2546,-306
Tony_Kun,3147,-2092,1055
Alias_Sunshine,2287,-518,1769
veronhige,3,0,3
MarthaAtkinso15,1130,-419,711
ZulFadhliRasid,1111,-887,224
AfremB,72,-1101,-1029
Bwillz97,2786,-2661,125
PoppyDelargy,1883,-429,1454
ammar_qusH,293,-298,-5
MarkeleyRegina,1766,-875,891
rekhamehta982,247,-4,243
GironJovy,2872,-231,2641
southernvillain,2778,-1183,1595
rhythm917,6,-2,4
keanna831,1726,-2826,-1100
Gers_15,241,-171,70
newsheadlinesng,1430,-2068,-638
LXRD_3rdi,1720,-2953,-1233
MauroBarin,269,-94,175
romadoval,182,-244,-62
YoubidderMe,5086,-474,4612
_arwamnjt,584,-130,454
masumahxzahra,2671,-1726,945
indianatwork,2862,-2016,846
vibbowp,140,-70,70
upyalyssa,141,-65,76
EsotericSavage,1328,-2305,-977
whit31568,0,0,0
BobbySeal1,2977,-792,2185
julyeahbae,278,-37,241
eleonor31207081,3248,-273,2975
makeoutmakeart,2846,-2210,636
LadyEden1337,2454,-1775,679
elexis_janea,2588,-1634,954
Ralegae_,2348,-2403,-55
devy_berlian,763,-148,615
Hintsa007,1299,-1449,-150
ezrafall,644,-387,257
vinaylohia82,4653,-614,4039
tomo_kumako,128,-7,121
BazookaDoozy_,1761,-876,885
amerin_8,0,0,0
V3_WC,1991,-3093,-1102
_wangwe,2149,-1592,557
NozomiPicBot,707,-93,614
Misssssbrown,3464,-2147,1317
CJBallen12,2343,-2238,105
__hrn0129__,3,0,3
tafsangat,1912,-1303,609
trotoarian,120,-188,-68
softrepulsion,2361,-2898,-537
Ben_Nwas,2247,-1401,846
jasmineskr,189,-143,46
iamadebowale,2089,-795,1294
shalaty_ryyed,1110,-434,676
octaaapo,6259,-505,5754
dimitygrace,4382,-639,3743
Gassolist1,684,-439,245
andyrafa0430,1841,-221,1620
IyamFernTweets,2421,-497,1924
iZaft325,1283,-273,1010
reishaaalove,2108,-4389,-2281
UsaDaly,3959,-1537,2422
Icey_Rolley,1883,-4705,-2822
smnthgrn,1021,-635,386
BritaUpdate,197,-99,98
abdelhalem13,0,0,0
rikachan_kthb,12,0,12
syamimisyariff,2070,-707,1363
Nkran_Dokono,1659,-671,988
_heavenlike,1067,-402,665
nnajihahfozi,1816,-959,857
Sukko100,1893,-2623,-730
RexJPCinco,1907,-789,1118
NG_DailyNews,1728,-2542,-814
Varesire,77,-61,16
LOVE869684581,3,0,3
krystineleigh,1184,-177,1007
aaronbettess1,1695,-874,821
VinayaTee,1361,-468,893
writer_sheri,2420,-878,1542
nanonaar,62,-49,13
mayurvsk,1123,-1163,-40
DanMcCarthy_88,2896,-2190,706
ImalAjima,1137,-392,745
126126kiu,1762,-261,1501
heathersee4,2548,-1290,1258
DerekCooper_SK,1357,-854,503
deluxe_beat,1874,-26,1848
nxyrocks,1917,-585,1332
chereenzz,69,-28,41
melalvarezz_,293,-241,52
CompetitionsHub,14263,-179,14084
rainy_seki,0,0,0
207HWAN,12,0,12
Doorda,1916,-767,1149
Johnsonmusa,2217,-2167,50
shmootii,2,0,2
smgfellas,2384,-829,1555
TempestRider,1548,-205,1343
iam_techie,1810,-656,1154
iam_kirs,367,-77,290
LeoCohetes,23,-29,-6
______312tsk,0,-3,-3
vmcm1,2914,-1887,1027
AmosunMujeeb,3107,-809,2298
ethelynn94,52,-8,44
CarmanTse,2126,-1350,776
harriothiatt,1027,-1086,-59
sayandeepc10,2599,-1033,1566
darkgreymagic,975,-238,737
harumi0haruo,36,-1,35
mcj_david,2624,-315,2309
__Safiullah,2345,-2035,310
shfqhrhm,1181,-439,742
iuquhyi,1,-2,-1
dmuurdaa,2072,-3117,-1045
Dailyummat,0,0,0
2i988i61,0,0,0
nihad_m,1004,-1419,-415
SarahAilenAus,814,-255,559
AngelSexBomb,983,-1032,-49
yalan_yalan707,0,0,0
OscarMonto,29,-75,-46
Sujoy0001,216,-23,193
KXWIWY,917,-122,795
angie_caligirl,3558,-1287,2271
TogayuzuYuzuki,17,0,17
Usggm,0,0,0
sehrishhashmi20,1207,-60,1147
POWER987News,2051,-1931,120
briec16_brie,4485,-1484,3001
Palesaismyname,2086,-1138,948
DefSoulBart,1822,-1134,688
toontyty,284,-100,184
KevinSparkz,2420,-2690,-270
z7om1,34,-17,17
Akunerza32,0,0,0
CamOnTheBeat,1526,-515,1011
nehan69r,184,-177,7
TyGotchu,1993,-2576,-583
baha_madia,1351,-730,621
MTGFlavBot,1569,-1729,-160
jdbalani,3442,-1902,1540
82643slha,0,0,0
PaulRWhelan,1866,-1198,668
Glownmanbusines,2870,-6875,-4005
xiuraqt,1723,-1229,494
owllovescat,5,0,5
emyz_eyka,1404,-731,673
FCELgtbt,0,0,0
amybwang,2081,-1574,507
06239jcsa,0,0,0
jui_gilani,4284,-1399,2885
JaDineCDO15,2184,-436,1748
ChichiBaat,1907,-1520,387
ShanePearce,2581,-1345,1236
assassinfan1000,249,-84,165
SwvnkGoddess_,2009,-2300,-291
MolyngtonDawn,2689,-1339,1350
wipesabacaso,8,0,8
BTSKorenArmy,57,-4,53
nadia_4456,463,-219,244
TiaaWard,2896,-1839,1057
DEMILYisReal447,4310,-876,3434
Amarillotxsguy,3252,-2112,1140
amxraaa,2934,-2333,601
thedntm,769,-194,575
ayamahmoudd,719,-495,224
shayan_b99,2341,-2845,-504
KellyLee1024,138,-102,36
jnpvintagejewel,2712,-87,2625
SyafiiqHaliim,1055,-597,458
WhispersWW,4476,-755,3721
IamNelsonP,3149,-719,2430
iam_marlomoe,2198,-5377,-3179
Delegatez,3297,-1735,1562
J_TO_Da_B_7,298,-65,233
08003jcsc,0,0,0
DebbyMargret,0,0,0
ffscxt,59,-24,35
ROGERGOLDLEADER,2464,-2532,-68
nurainjamain,1413,-233,1180
electricklights,3305,-2015,1290
gooutside2014,0,0,0
Omgthatsnae_,1695,-2615,-920
cityconspiracy,2198,-2010,188
hijab_lovers,302,-63,239
HailaSaleh14,2838,-1891,947
MistiqueSlay,1624,-361,1263
RamKrishanu,2837,-235,2602
ashxjy,2088,-1950,138
lbtanz,130,-802,-672
LuisTheTallGuy,988,-844,144
FahadMotiKhan,788,-278,510
DeadStockDev,1494,-728,766
anthonyarian,4877,-388,4489
SoBlessed_Wey,2893,-5972,-3079
DJHekima,450,-284,166
rafiki_yako1,2267,-2150,117
Motivate500,604,-426,178
calmemaybie,2361,-827,1534
InfoTarakan123,110,-125,-15
momnprettygurls,3247,-344,2903
wadiham101,142,-12,130
J_Kidd96,1448,-2854,-1406
ConradJ96776134,2476,-5289,-2813
ebihani,0,-2,-2
bonsplansmode1,31,0,31
06903jcsb,0,0,0
DalmatiaXplorer,888,-93,795
pennyjohnson,374,-348,26
cc_sunflower,6289,-505,5784
ShaneHelmsCom,2714,-1373,1341
__shuhairi,1102,-712,390
tatchktt,15,-4,11
JudiciousArab,42,-18,24
zizi_says,800,-560,240
bittaersweet,3474,-1740,1734
NanSishange,2112,-1657,455
opica,329,-173,156
02204gnlc,0,0,0
olu0mo22,1945,-1466,479
army_____1230,0,0,0
pink1531,4,0,4
girls_loverboy,0,0,0
manjuonthego,810,-337,473
christinarey_,3225,-2016,1209
MarelDavalos,467,-531,-64
Tocacyy,2723,-769,1954
beeoncaxo,2270,-3304,-1034
mhkr_ag0404,0,0,0
ActivateDesign,2457,-823,1634
m0b0bm,0,0,0
00630_milk,0,0,0
pangoo1,3,0,3
akosimacoycoy,1861,-705,1156
BoingSaturn,480,-388,92
angela_mcshane,2818,-978,1840
smilefestival,15,-5,10
poojamishra438,290,-66,224
SidandEvies,627,-74,553
Maya__xoxo_,3688,-1111,2577
maoshonen999,0,0,0
MelendresCedi,2852,-236,2616
YeezyMall,2848,-168,2680
BBH_littleb,203,-81,122
Yissel_one,2206,-3731,-1525
UMI_Global,3079,-785,2294
SadieLaBella,3078,-2294,784
EHindonesia,320,-133,187
KariSwain,737,-650,87
IngaPolyanskikh,0,0,0
soozy_b,447,-1273,-826
LSoulHipHop,2419,-3134,-715
gordon0283,0,0,0
jo3l_P,170,-54,116
APHInternation,2224,-269,1955
xolovefifafaa,528,-128,400
ttonkao_,391,-131,260
LamaABarr,2582,-1531,1051
HazelianaGD,1434,-268,1166
VioletaWosi,521,-170,351
markucitis123,678,-296,382
UnordinaryDae,2119,-3419,-1300
sabotenkaeru97,6,0,6
Fitriroslan194,935,-551,384
JedheadForever1,3211,-1178,2033
ruhtyt,1644,-1022,622
bscdl08,2203,-2152,51
jsscclffrd,1750,-881,869
davidmaracle62,346,-578,-232
SriAndary_,88,-40,48
_callmehG_,2665,-846,1819
Zulu800,2919,-522,2397
Bjmpzl,259,-89,170
Enhle_Riba,2242,-2207,35
princesanini10,55,-70,-15
KatysPerf,3454,-1716,1738
robynnxxxx,1877,-3646,-1769
fatgirlindenial,3338,-1486,1852
alms4Ebtsam,0,0,0
harryhontas,2441,-2743,-302
evieeok,2156,-2440,-284
rickyoatham9827,2281,-3856,-1575
mufcfirm,832,-759,73
yazya9111,4,-5,-1
Aleee_Baba,1655,-396,1259
ste_phannypack,2041,-1135,906
WinnerRocky,5271,-690,4581
leilanii_camila,3078,-2605,473
miniswagtastic,1067,-465,602
OmarAlcozai1,1680,-2541,-861
AutoAuctionSale,586,-147,439
ii0sx,63,-46,17
Entrepreneurs28,3370,-1499,1871
nisha6534tiwar1,264,-752,-488
inoarilove0221,12,0,12
07834jcsc,0,0,0
erzascarlet1919,921,-477,444
racheljeffreys_,197,-64,133
callMae_,2131,-2653,-522
NorthwoodAnnie,2627,-1392,1235
LooolLooove14,16,-14,2
LEAZERETO,262,-146,116
_JauraT,2027,-1708,319
voodkha,1980,-263,1717
thaka_HaF,200,-296,-96
CptScarletSIG,2792,-524,2268
manishs446,1247,-1137,110
noodyhassan2,36,-27,9
S_Saitotae,1242,-44,1198
LeilaniDelfino,3110,-266,2844
r0n__7,2,-2,0
begumcayirli,26,-16,10
geathsaif221,159,-167,-8
MikeeeHo,2022,-1411,611
virvikram,1916,-1521,395
stephenrirving,2940,-1162,1778
thewifeymami,2396,-1182,1214
Suhair_Farahat,271,-108,163
Politwital,1249,-1880,-631
Egamzz,181,-13,168
carreras_kayla,3084,-4235,-1151
Not_a_Witness,999,-1081,-82
taenglovesme,1153,-350,803
2Mafiaboss1,841,-387,454
mna_mana,1099,-607,492
FarahLambertt,497,-228,269
Cashhcam,1419,-2773,-1354
_CurlyTopCrissy,2265,-4628,-2363
RAMSirait,1699,-534,1165
HlomelaL,2617,-1475,1142
charleighoneill,257,-269,-12
KentAlberto1,2340,-493,1847
JANOTUBIS,887,-231,656
seolxhyunari,393,-204,189
digzzz23,315,-116,199
415_hey,3,0,3
Wahianyu,410,-96,314
WTHSWH,16,-4,12
AutographsHut,784,-180,604
keeezuss,2571,-2047,524
motions96,3654,-788,2866
iCherieee,2263,-703,1560
igreveen,85,-57,28
takiko1126,2,-2,0
Rodrigo2801140,0,0,0
twinklestarzz,2318,-1454,864
AngeloMT,2132,-1963,169
tibs199,1489,-1867,-378
mjuddinbd,1439,-611,828
Altyeb_Mj,13,-1,12
emma_dele,2182,-1322,860
ihashanpreet,1515,-128,1387
ndzrh___,1355,-763,592
studyhard6515,0,0,0
MyGungahlin,3620,-864,2756
05354lktb,0,0,0
gkchz,217,-187,30
24hrRock,1814,-1465,349
yedidelgania,2633,-2839,-206
LexiSimonson,3051,-2298,753
_KhayaN,2510,-2097,413
xavozorabat,12,0,12
4444psycho,3183,-3806,-623
Nonoolwenn,421,-609,-188
SgtTCS,3419,-1313,2106
Parisa_Mahmodi,130,-467,-337
iDntWearCondoms,3083,-4853,-1770
lanaxom,0,0,0
cars740,661,-414,247
hsn09,1955,-474,1481
farhorizon9,475,-132,343
chizkuuuh,1691,-1012,679
Obey_Allure,3562,-5534,-1972
saadalgasr,0,0,0
Beso_M1999,4,0,4
Aomam_GSR,275,-55,220
AyaOmari,542,-271,271
Branth8lland,2322,-1882,440
hugaaaaaa,120,-266,-146
rishipakoor,0,0,0
amyysierra,2260,-696,1564
saaaaapoooon,10,0,10
newsbot_ir,0,0,0
alShrqNews,0,0,0
KTBeta04,45,-21,24
sunnyk8quist,3779,-1173,2606
breeeyona,1963,-4917,-2954
Bria_Gumede,2845,-2034,811
technocturnal,2412,-1372,1040
moemoeirene,127,-106,21
HyperactiveClub,2306,-371,1935
kknof22,4223,-921,3302
KaraLNeal,1914,-741,1173
murd3r3r_,2239,-659,1580
smileman83,0,0,0
_3ddy,2186,-1350,836
rtbowlingbash,2671,-493,2178
realcoupons,2470,-277,2193
_cutienarryx,2860,-1269,1591
KhanMKashif1,189,-74,115
LebaneseThor,2633,-3536,-903
RNAfternoons,443,-176,267
TryCaptionThis,2806,-1742,1064
JDMiddleEastUAE,2739,-996,1743
Miss_FrancesA,2118,-3008,-890
casey_gallegos,2917,-2348,569
jaypeeohh,1182,-468,714
mangonialI,3015,-2004,1011
Penda1988,48,-129,-81
tarntako,399,-197,202
CraigWood91,4204,-2027,2177
ProPlusTaxi,1622,-2351,-729
MikamiFifa,2108,-609,1499
shandiestack,2805,-1309,1496
omaneboateng,2671,-1242,1429
disketnik,1374,-1686,-312
colosssal,7,-2,5
NasserAziz87,87,-35,52
_Sheshai,2011,-3736,-1725
leyyzah,1070,-175,895
Lexduhh,1931,-4951,-3020
yuuna_0701love,14,-12,2
originalLNO,87,-257,-170
Tak_201,2497,-3078,-581
Jooisthebest,2267,-890,1377
MonkSSBM,2306,-1976,330
KTuk19,177,-51,126
bethanypotter14,2209,-1498,711
SimonSaysHello,1451,-1532,-81
PearlzoM,1547,-1034,513
bulyraqyn,0,0,0
jagdishojha45,697,-752,-55
Rinadxxxrrx,645,-413,232
khalifalrashed,487,-69,418
Qiniso_Elihle,2628,-1871,757
DopeAhhAquarius,1091,-2369,-1278
BeliberSandra,795,-428,367
ahn_nvrin,2703,-1005,1698
ArishaHiggins,342,-253,89
FidleDWohlfahrt,1661,-777,884
phenomenalboy0,16,-17,-1
_prettysweetlo,2215,-2604,-389
shuriri_321,4,-1,3
harrysloan4,2238,-1071,1167
ramshackle786,1914,-692,1222
yousuke806,2,0,2
83501slhb,0,0,0
siham16111,0,-2,-2
ASnayth,2,-3,-1
danilus4,514,-739,-225
SngGurjeet,2410,-2634,-224
_YoungWizard,1697,-5199,-3502
AldubStrong,2389,-325,2064
rwnrms,2847,-208,2639
Mohamudabdidahi,16,-25,-9
Butterfly_Vtae,2176,-750,1426
JustinJost,296,-123,173
Rajansharma5101,1052,-1039,13
HaziqBothTuck_,1364,-644,720
TaylorMasson2,27,-38,-11
5abiBaba,959,-2201,-1242
snopgysym_61,6,-3,3
haideephrodite,2110,-983,1127
cristen_bryantz,14,-1,13
espinasjessa,2315,-604,1711
naaaynizzle,1826,-2796,-970
8teenswagger,0,0,0
Anasoga,618,-745,-127
eden_cairo,190,-153,37
MmaajaM,803,-964,-161
eunoiaelle,290,-155,135
BYEROPE,3147,-465,2682
MoneyWorldBig,114,-133,-19
XXXCheckUp,1258,-917,341
Ref,130,-93,37
MaiaCalhoun,364,-360,4
natttttnatt,1082,-1281,-199
mnahe14091,2,-2,0
Gran_th,0,0,0
DrealTJ,1215,-505,710
Shandu_Nthai,2880,-1738,1142
pokhrelmahesh15,155,-61,94
eusebio_jasmin,1845,-218,1627
ChimericAlpha,1668,-1949,-281
Phil_Khattou,535,-320,215
projectnokng,2058,-1668,390
1LoveMusic_,3629,-1103,2526
tarbaweya,0,0,0
yifansgalaxy,1421,-2046,-625
mredzuankhalid_,608,-327,281
xokeiley,682,-630,52
ontimefeedback,2669,-2698,-29
mrstracey1972,16162,-213,15949
BlogAyahIbu,16,-1,15
tamilmani_88,558,-271,287
zcstew17,2154,-1257,897
Sinhvieen,15,0,15
ohsanra,0,0,0
Z3UF92qW8sMJbTa,0,0,0
xhamsterpornos,3376,-16847,-13471
millsyyy16,2589,-3192,-603
abgnobaper,741,-263,478
miza9090,497,-232,265
rswnsn,69,-15,54
CAMP0S_,1575,-2004,-429
a7160957,1700,-2854,-1154
LexxJackson,2480,-3422,-942
86e7f0804c134f2,2274,-221,2053
omrannx,1095,-641,454
LukaJones21,1912,-1541,371
lindameyer22,0,0,0
Hasnain_____,1981,-639,1342
wantsfeeling,227,-149,78
HiuraMashi,1852,-1892,-40
7Edition_ntv7,1135,-2605,-1470
_annnamae,2569,-1952,617
NazwaAZ,1086,-485,601
cezyamada,2437,-168,2269
ifrzna,1115,-629,486
the_fire_berns,1735,-1046,689
sugarcubehouse,3738,-2025,1713
JAGJEETINSAN5,261,-97,164
wendel_cher,506,-471,35
hihikody_thomps,34,-15,19
haroldisabanana,3702,-1592,2110
orionmoreland,2224,-1779,445
tattoospintrest,284,-10,274
KatEmmaW,2688,-1426,1262
awew503,9,-6,3
Yuna09097234389,1,-1,0
ektarey,450,-228,222
sandylanceley,1790,-1438,352
SyapixSufix,1125,-467,658
YasmineQuiroz,4308,-2017,2291
sa8mx2p,3,-2,1
OliviaGunnip,645,-381,264
fon1225,513,-108,405
BMGz_Finadouchi,1396,-1437,-41
BerfinMaccudden,5241,-1577,3664
chillwithreem,2409,-2784,-375
cocoann13579,3,0,3
sluttyyrondo,1539,-5403,-3864
fazebanks_bot,1585,-1035,550
CostaDelConsett,80,-110,-30
mwebb113,1775,-991,784
rvyerimw,1,0,1
heavenllyyy,2680,-2575,105
emmatabithaa,2128,-2048,80
Dheafadilla23,660,-263,397
_desiringlucy,199,-348,-149
ningningMS,306,-39,267
Kwonjiang,106,-62,44
rebeccalucyd,4847,-1800,3047
paige_elgort,3654,-1162,2492
ItsTomCann,2777,-1308,1469
rjca_,2079,-2129,-50
mynameisdemi_,2608,-2066,542
Bugsysgirl,2246,-2195,51
shx_mq,194,-117,77
Boyondacorner,96,-88,8
_MaaHaa6,0,0,0
PrometheusLaw,1982,-2738,-756
minghaos_,2315,-1801,514
Hiroki02565538,47,-12,35
PROducerManK_SA,2411,-755,1656
holmesy962,913,-522,391
JamesPaulRowlan,800,-307,493
wreckedjustins,762,-554,208
25879stwa,0,0,0
SwoleChef_18,1687,-1214,473
Irelle__,3104,-3377,-273
215Dev_,1883,-2757,-874
min64skyshinee,43,-12,31
orgio_utd,78,-41,37
SenaidaStier100,75,-48,27
TheSilverFoxe,3942,-1249,2693
Dreadsong,438,-453,-15
jmcc66,1663,-705,958
princesaakiara,2615,-2920,-305
Christianjm21,2625,-1145,1480
221Shahood,0,0,0
tendances_mo,31,0,31
jcverbeck,124,-113,11
lemolovelemon,1,0,1
brigitte_bailly,201,-605,-404
Maria_Sit,1150,-195,955
jemmerio38,1985,-2155,-170
zaplaruman,1582,-796,786
ninthsky,2441,-748,1693
ughvxnessa,27,-37,-10
OMG_ADV,60,-22,38
britanieeee_,2351,-2189,162
kirste_adly,50,-20,30
rednoseshoujo,1518,-498,1020
obitex10105,1705,-2901,-1196
drsmh5,3,0,3
Mawdabull,1764,-4496,-2732
chikakay16,3060,-305,2755
WaqasHamzaQadri,1217,-727,490
nipponupdate,1372,-1374,-2
racel_celra,126,-37,89
cuponeandote,3343,-324,3019
Ellenlouise22,2774,-1402,1372
ToBoldlyGrow,2882,-833,2049
5694Betty,1843,-376,1467
HoleShotWin,2860,-2069,791
midnightdoggi3,1516,-233,1283
GarryWhite,2230,-1648,582
Jpappasmusic,100,-17,83
xoxo1127_rachel,8888,-132,8756
iam_kolade,2726,-1411,1315
katevirgs,2427,-1683,744
alandelchanel,1233,-1978,-745
thanamai,353,-113,240
ShiraBumby,2592,-728,1864
jaback27,69,-21,48
Salesmercy_jkt,998,-27,971
SOpenforum,2730,-839,1891
_ashleeyy12,3085,-2258,827
saraaaahkris,315,-206,109
TriSportWorld,4085,-523,3562
Shouqielwaylei7,22,0,22
diwakar_insan,3212,-308,2904
babajaido7,55,-11,44
ithegamer1999,1606,-374,1232
Le_DollFace,2221,-1195,1026
RunwayBaby1,3605,-562,3043
ACHockeyHistory,3002,-1005,1997
Pureglutton,4818,-430,4388
AJhonorio,60,-46,14
WawBooks,22,-3,19
AddisonStevens2,2865,-1394,1471
jagdeepmishra,1730,-445,1285
HeatherAWrites,4322,-2014,2308
__martham,2764,-2692,72
bay1245,1144,-1334,-190
papertiipiitii,174,-50,124
EmspegTp,18,-2,16
Miguel_Fooo,1903,-2177,-274
ONSKYHIGH,2180,-1042,1138
DumassCJThomas,1601,-3514,-1913
Jazzy5289,2621,-2053,568
Vaalery_babes,1997,-2692,-695
iosu42,133,-21,112
alexa_noonen,2449,-1646,803
ShemaiahReed,146,-35,111
smitajalaf,3708,-2228,1480
mexinonblonde,2257,-2883,-626
carol_girasol,1760,-538,1222
donnghyuk,2536,-1774,762
yanshi_music,32,-20,12
ronnieb06227051,2336,-2466,-130
CheLPoT15,2671,-323,2348
gyanchews,680,-716,-36
GeNGqR_,6,0,6
AtR_utaite,0,0,0
itsnotkaylee,2266,-3948,-1682
ElianaClemons84,2720,-772,1948
_NAN_JOE,59,-25,34
ChantelMadden,2844,-2854,-10
MAHADEV_GOD,0,0,0
FarrahAdeliyn,1326,-575,751
Tiffanyhvvng,505,-201,304
NnurulLEeyda,799,-499,300
KimXiSparky,1260,-258,1002
sessi_K,1728,-1607,121
Dreamin_G,2316,-1130,1186
NorakiNoraki5,25,-1,24
AllisonJanaeB,2505,-2476,29
RaheelZaman87,1656,-1936,-280
AmericanBanking,1517,-217,1300
sorianokattlya,1607,-627,980
raheemakadaddy,2324,-2729,-405
lovely02122,3178,-232,2946
JayArXChopitea,2049,-469,1580
SantosTaylen,1541,-2007,-466
swithartbianca,525,-231,294
haya_almolhim,12,0,12
K9_larry,1739,-1620,119
Astrofuckme,1040,-576,464
SandeepKBGowda,1920,-548,1372
inzzzayn,2805,-727,2078
Sheridan_Schroe,271,-229,42
raghad0_diamond,3791,-710,3081
UnusuallyHeroic,59,-27,32
ClashinTheories,1737,-1975,-238
theiamgroup,3761,-236,3525
SIR_MUKELE,279,-131,148
MariaamJN,399,-198,201
rtpburns,2765,-4143,-1378
Royalelsh3far3,139,-34,105
BearwearIreland,517,-85,432
panospaleologo,139,-683,-544
Lertiro,2565,-1249,1316
p0is0n0uz,1740,-2808,-1068
hrishikesh555,1473,-303,1170
Jossesanchhez,626,-456,170
mattshortphotos,837,-470,367
poetrycabeyo,2862,-1065,1797
Fitchiiee,1490,-632,858
GiglioFoo,0,0,0
malvika000,134,-281,-147
Baeaemir,1577,-215,1362
tivra123,629,-403,226
GianBaptiste,1329,-1702,-373
romerosi,442,-584,-142
sfwarriorsfan,1671,-1340,331
steve_fds,4177,-292,3885
NGOGAPA,424,-112,312
PrivacyPro_Plow,929,-1690,-761
tccunningham2,1452,-1085,367
__nN__,1,-2,-1
KingTPHC,1981,-2644,-663
BryMaddela,2942,-1110,1832
mana_sean,1958,-2455,-497
aishaharoon7,2639,-168,2471
waverunner_dvon,2193,-1435,758
Nosrat_Majidi,132,-472,-340
p4ulinea55,999,-5912,-4913
mooooootiiiiii,0,0,0
FfotonWales,3845,-389,3456
jbhlt,551,-231,320
DoubleAgentGuy,1878,-3042,-1164
angelllbabyy,2342,-2842,-500
06376jcsa,0,0,0
01756gnlb,0,0,0
MtnMoxieGirl,3722,-1396,2326
Ben_naser46,58,-17,41
OtakuFlyZ,28,-25,3
larrybaker34,1488,-622,866
iam_theta,1224,-895,329
Asurasx,2005,-2291,-286
dolla_dala,2732,-2443,289
MrDharmendarsin,2814,-353,2461
KlMJJONGS,1808,-884,924
xSofia21,2288,-2736,-448
Y5101_6,0,0,0
cxxrys,1672,-864,808
danibobaani,2166,-3251,-1085
GAREENR,740,-520,220
foda_pop,124,-52,72
viva99991,6,-12,-6
jasmineharer,121,-330,-209
rajguruvipul,334,-266,68
SaidDineo,1331,-1129,202
fandeerhun_,117,-57,60
VIPshamxxi,4083,-533,3550
Kara_Lactea97,0,0,0
NotoriousWinter,1106,-1221,-115
HASE_SAAN,0,0,0
bestnewsoftware,873,-319,554
QueenThingy,2595,-2649,-54
ChimDBeastMode,2209,-1854,355
theBees,2693,-3674,-981
TaraAnneliese,2305,-1101,1204
BrookeBrymer,2807,-2523,284
sessieprez,2444,-247,2197
kisothkumar,1934,-223,1711
thanyaporn00,402,-122,280
thsMELAnted00d,1949,-2380,-431
Anu6Jay,2350,-1086,1264
KtotheKid,3198,-1307,1891
danniillloooo,1614,-3815,-2201
KawaiiDreemurr,688,-366,322
JulieWardyworth,875,-345,530
SimiOtsu_,2231,-1124,1107
luckyclover09,8209,-122,8087
KENNY_TOKEN,429,-645,-216
IAmSamyT,2800,-1825,975
JesseKuss,3305,-1559,1746
maro5121,23,-8,15
sexyteensselfie,0,0,0
girbiites,1760,-1724,36
www_Day_Az,17,-20,-3
Zungsta,2134,-1837,297
Badgaalmad_,1228,-2390,-1162
Sakurai___5,19,-3,16
mingyzu,6,0,6
rachelleestia,2258,-1656,602
DAF_Commander,1876,-1277,599
Barbette10girl,1344,-805,539
Rubelius,13,-17,-4
for_suhaaiil,0,0,0
_rebeccafarrell,2562,-1441,1121
gilbertteeee,2558,-2062,496
stoneclaire2015,3985,-1329,2656
zarino,3303,-1274,2029
daphnenews,1712,-1910,-198
melnsuzbaIta,77,-266,-189
Deals_25812,2291,-368,1923
piphilthims,3667,-1171,2496
dama_dema,87,-31,56
korealove_8787,76,-21,55
MixmaxHQ,5742,-370,5372
colby_greer,2881,-1482,1399
JustShauna_,2337,-3500,-1163
xitsemily,1066,-503,563
Tncbautista17,2048,-180,1868
Michaelisaboss,1252,-2892,-1640
aralably28,319,-190,129
KOP_2K,260,-70,190
kaatilana,2791,-1586,1205
mura3225,3,0,3
ShiburiSarah,917,-143,774
gaymairead,2739,-2315,424
itsmeLoriNYC,1582,-786,796
LLCoolDeez,2655,-1926,729
lopezc291,1200,-1606,-406
MlsterLally,2806,-1152,1654
_clumsilly,1847,-1426,421
BilbaoAira,766,-434,332
0fficial_QT,1615,-3124,-1509
FahadAlwahib,9,-3,6
20readnews,1142,-2010,-868
Gextile,42,-6,36
zignma_rt,13,-13,0
sixiefan,4872,-1077,3795
DeeJay10X,1690,-3194,-1504
georginahazel_,1449,-1387,62
annysherra,1102,-681,421
legna0616,479,-109,370
litchmucker_,2117,-1391,726
MightyOak1649,1059,-1181,-122
nahid4545457,0,0,0
_minaide,0,0,0
FUP_UOP_109,646,-92,554
dorianandrew_,2309,-1615,694
JaoKhunGuide,523,-88,435
lexusamburgey,2857,-2698,159
Quis_sutton,2169,-2206,-37
Catalyst5Jobs,379,-65,314
goodbumkey,103,-96,7
ItsUknew,2368,-3122,-754
BojidarChipov,2071,-469,1602
AhnDaniel91,1386,-464,922
juliagr79553352,15,0,15
MissNYCTechSub,4191,-1391,2800
OhmylovelyArt,4423,-771,3652
keikyu__1731,39,0,39
stwd29652,0,0,0
OMGLove_,2475,-1804,671
AATR_Cycling,10064,-944,9120
BobCatBumpz,2294,-1390,904
cseaI,3,-8,-5
HashtaggersOFC,2329,-240,2089
SwollenHaus,41,-40,1
TT_HF_9J,547,-297,250
Iamjoellynueva1,1743,-839,904
_peeentel,9,0,9
oasishead,1137,-234,903
Amir_Saleh_123,1212,-107,1105
bRySoN_76,2022,-960,1062
AkmalQueHaikal,1890,-532,1358
amr_engamr,55,-26,29
JadineIconMaker,1554,-349,1205
AngryBrother5,141,-214,-73
grandisimo2,6,0,6
_Nclmae,1270,-600,670
SchoDakota,0,0,0
Fkoku,2533,-883,1650
todayspophits,1929,-624,1305
Atteya01,16,-30,-14
Numbatwoo,1386,-1756,-370
HartfordNews1,3147,-785,2362
Mayrena208,196,-145,51
SA_Data_Science,664,-41,623
1800askREDD,2214,-1932,282
BayuMontana_,715,-251,464
leswebb1769,202,-100,102
BDGEgtbt,8,0,8
Ipnyng,1184,-562,622
CANELAmigaS_FL,10,0,10
m__gamal,77,-66,11
bandq_help,3507,-974,2533
falconshook,0,0,0
slhb28528,0,0,0
Seppeiparn,263,-104,159
fartelengelbert,1880,-1823,57
lookatthekidnow,2171,-3319,-1148
sarvjeetInsan47,2100,-214,1886
homesickness777,8,0,8
PorterhouseRS,7725,-587,7138
iLearningUK,3759,-478,3281
EastAustinPatch,385,-536,-151
Sweetyyummyjes,1206,-104,1102
Sweets91575193,11,-19,-8
Binswish,2678,-2434,244
PTPTM0,2280,-903,1377
iamLOUiE_,1830,-1074,756
Hwk765,1927,-3052,-1125
DShlomo_,1352,-1604,-252
2KSupport,8399,-84,8315
_gunran_,0,0,0
janew8110,0,0,0
masala_chaas,1696,-1712,-16
h1ghlyhandsom3,1709,-868,841
mayh1107,1582,-117,1465
ScottyG311,2032,-1133,899
hkgaldentraffic,0,0,0
bayorinde,2133,-2246,-113
gwendlcruz,1465,-427,1038
GoddessGabija,3236,-894,2342
kymr61,2,0,2
jake_krajca,3026,-2435,591
luxivon,24,-27,-3
OGMessico,1676,-4080,-2404
ImRjRazzul,1938,-573,1365
ariffmuhd658,2,-1,1
laurzrah,2067,-535,1532
ziqqyL,1496,-1407,89
pasta_superstar,415,-415,0
joel_he,6,0,6
ICCLiveHQ,2374,-753,1621
ria_talreja,776,-293,483
armanmanman,1489,-268,1221
DELgtbt,0,0,0
Peterlandes,1003,-1093,-90
Lady_Noremon,2146,-1442,704
sk8awaythatsall,1503,-724,779
8Youmi,5,-2,3
Hoyter02,1408,-821,587
FxhAnthony,584,-1027,-443
ArtsofPaloma,1698,-629,1069
mark_spiral,76,-29,47
KenFry10,7644,-507,7137
kameme101,286,-76,210
____Iwt0036,6,-1,5
EkpereNwankwo,1572,-2763,-1191
Cadmium75,1091,-1377,-286
ironmanxcapamer,2062,-1670,392
Cabbidges,2813,-1897,916
speaknow8913,369,-27,342
roberto_ds9,579,-287,292
chrisquinnr,957,-425,532
Donna_46,9453,-265,9188
mohdisyraq,556,-330,226
Soolilee,97,-20,77
Sephie_Tina,798,-260,538
ClassicalLib,1709,-2520,-811
esfeeds,260,-313,-53
DerpFacesOfKpop,583,-38,545
_Fa6amy,2452,-915,1537
MMcdaiel,769,-1159,-390
MaskerJerawat08,101,-115,-14
paoloablir,1468,-1166,302
EmirhanCekuc,34,-148,-114
CatCraveRadio,2756,-1311,1445
fadel_naseer,0,-1,-1
nana_aiisha,1516,-2351,-835
ri_latskap,90,-40,50
HARTPAT1,2,0,2
ErisLovesMovies,2604,-2035,569
kanoshikita45,2867,-287,2580
xPearl__,298,-64,234
_friday11,171,-55,116
TartsRGreat,2254,-2186,68
cliffwotnow,1493,-4097,-2604
audah_07,0,0,0
Bodyshopmarket,3204,-754,2450
eloli_fin,0,0,0
quanitaix,3086,-2183,903
wulfsec,1960,-1737,223
MartynMcross12,1509,-899,610
tansirui,2664,-1948,716
xoxo_mariya,3081,-2589,492
BlueToothBites,1975,-2524,-549
sak_971,0,0,0
slhd28658,10,0,10
mefilz,1998,-1655,343
notexofan,577,-402,175
Tehila_O,2164,-1178,986
VANCEmuthan,101,-46,55
alia_nalia,673,-375,298
SRFansOz,6027,-512,5515
mattinqld,2711,-1658,1053
backfliptornado,3068,-2552,516
mmameaw1,47,-37,10
i88888888,0,-3,-3
FuseTogether,1782,-1194,588
theonlyjuliab,165,-33,132
MarkAlbers4,1103,-33,1070
danwon69,1732,-1829,-97
CO_Duff,2270,-697,1573
EliseMcCandless,2138,-1587,551
pradyuman2391,2675,-550,2125
BabyPandaHES,2712,-1707,1005
upstaRt1017,1858,-2069,-211
RobertoAdamson,2475,-1902,573
elmarjoy1D,432,-168,264
bcberita,216,-101,115
AWXVN,1911,-2670,-759
StefByn,795,-16396,-15601
_JalisaMichelle,2165,-3135,-970
beth_bromley,1807,-1175,632
slhf28814,0,0,0
slowpoke_EJ,1820,-2533,-713
_SethMade,1757,-1827,-70
LiyanaMdYatim,3055,-1642,1413
jdbvale,4011,-1791,2220
nypewoguxyq,21,0,21
YaaBiko,2432,-2203,229
N000URA,965,-442,523
nblhnsr,1324,-728,596
RemsDDayDreamer,2408,-2184,224
npssyw_elf,154,-49,105
kirstypoole,3714,-1257,2457
domo_0123_Zn,501,0,501
ytCB9Qo7tWqujZj,34,-14,20
Marwanno_,121,-70,51
Go_Away_Baby,284,-204,80
__KORTTT,77,-108,-31
bamagurl2_carol,408,-315,93
jeanbolsover,11649,-122,11527
Daesh_News,0,0,0
Gri64,2156,-1952,204
_swiz4,231,-25,206
AdsHaley,20,0,20
01864gnlb,0,0,0
26201stwa,0,0,0
dain_news,2,-2,0
ctakros,64,-616,-552
rubyofficiall_,322,-251,71
djsmokey001,1592,-774,818
rubietriste,1424,-556,868
kozumemekenma,823,-131,692
_inad9,29,-2,27
sarina0716ko,3,0,3
BookBumper,3754,-902,2852
paulharry5,2291,-1765,526
babyfriendly,4732,-870,3862
adel_bousnina,12,0,12
paypilr,190,-37,153
radekpazdera,1702,-752,950
OGGK_21,41,-6,35
OviTheKing,1322,-1243,79
dszeigler24,1533,-933,600
newslocker_bouw,140,-105,35
mothermikey,2739,-817,1922
kemoead,1498,-202,1296
slha28281,0,0,0
RealBarRoomHero,1116,-1189,-73
mjacksonauthor,4663,-845,3818
wichitrasswn,1992,-692,1300
webhuynguyen,7,-8,-1
MissAmericaPie,2736,-1846,890
fionaking8,12686,-196,12490
dsmarketingbiz,2663,-473,2190
ProxieGamer,197,-117,80
ikugijk,0,0,0
myr____03,9,-4,5
shreyashilpa,5288,-454,4834
aniltomar83,752,-471,281
EJAxo,2130,-1382,748
alotaima,5,-10,-5
a__fir_pos,3,0,3
EWC_wordsmith,3215,-929,2286
byunbakehyung,1119,-783,336
swensonmember,1696,-653,1043
bodyfarid,728,-413,315
cerealkillah6,777,-1418,-641
BoulderJudy,1605,-816,789
SSCL_LIBRARY,471,-34,437
auroradelapaz10,3992,-435,3557
Chief_Beef44,2057,-4150,-2093
dreamynymphet,0,-4,-4
GS_Warriors1,3370,-739,2631
Ahteacar,2162,-1985,177
NanNy1893,363,-293,70
pw_76,0,0,0
mutahiflexx,3319,-1631,1688
YomNurulAkma,1721,-1039,682
Ryzk_,688,-207,481
SBC24Hour,342,-91,251
LuizroyMutethia,2871,-1077,1794
Gr88_s,432,-301,131
hungryforliquor,2302,-2481,-179
MencarelliTim,2947,-2943,4
chenkymharz09,2694,-919,1775
TrueAlphaLife,2929,-1049,1880
KIMTVEHYVNG,56,-28,28
dlwnsghek_bot,0,0,0
Ajarias0812,1625,-2330,-705
ummiat09,271,-61,210
sabilanazir,2476,-1236,1240
cheezyjuice,1998,-982,1016
J_ALAMERI,130,-46,84
sophiemhowells,2306,-2449,-143
loganmcpherso,100,-12,88
Amando_Camando,2129,-2087,42
ReemKSulaiman,646,-365,281
GhazzSaleh,3699,-1032,2667
michaelabuco,3346,-1245,2101
janiesclosetgh,137,-1,136
cvatmi,536,-117,419
shejalvarsani1,292,-10,282
FerTish,204,-575,-371
ladyyasooo,25,-6,19
ElijahSho,1992,-3211,-1219
waka88ii,1,0,1
crazy_shoosh8,203,-86,117
SYZUHIO,14,0,14
anetafmgroup,448,-232,216
news_mkd,1,-1,0
RvAshleyv,3117,-404,2713
MIX4IL,68,-58,10
SenimanAmatir,1786,-825,961
TB__N7,172,-64,108
UltimateSonic90,7751,-1193,6558
RogerDomingo2,82,-34,48
kim_lovelotz,2225,-758,1467
_ItsDxor_,826,-1215,-389
ommoody04,39,-9,30
Polhawnfort,2820,-79,2741
pampamdenise,4117,-566,3551
barrett31,2797,-2333,464
martian_Mulah,3087,-1877,1210
stwd29655,14,0,14
itsmoonbyul,1880,-848,1032
pk_kook,426,-61,365
emertillman,368,-324,44
SharyHandjob,0,0,0
kaymackgee,2579,-1387,1192
Hayley155204,3438,-747,2691
xokjongin94,527,-105,422
LiveOnUKTV,470,-181,289
ltsrcknroll,23,-9,14
katsudon525,0,0,0
bara_barachan,22,-5,17
BellovictoriaV,79,-3,76
Rew_Nl,0,0,0
nomoremakler,81,-18,63
anindya_poetry,58,-41,17
sukiJUMPyanen4,5,0,5
ladyz_jue,287,-103,184
YussefAmer,479,-245,234
thewhitestag,2173,-1660,513
TycoCareers,1520,-248,1272
ChelsyFerguson,2690,-2647,43
nazim1969jun,0,0,0
Reena0501,3361,-310,3051
Bekhyvnee,111,-52,59
Konayu4957,0,0,0
kookieforro,898,-867,31
nico_kaju0302,3,0,3
kodipatra,527,-717,-190
TheLastCaress23,1863,-462,1401
mindysue,2294,-899,1395
SvenskFakta,322,-267,55
ABQJournal,1199,-2840,-1641
summers14,2839,-1618,1221
___hrom_mu,10,0,10
TABINOFOAKLEY,3341,-1372,1969
MaryamLovesKpop,3225,-1077,2148
xingxing___,0,0,0
veenainsan19,3311,-345,2966
OnItTv,3037,-601,2436
allsportsfbb,7399,-566,6833
N00BSYBORG,2954,-2712,242
spiritofmarilyn,2009,-3286,-1277
krishkross28,1448,-1729,-281
_Rezka,305,-189,116
princebewisa,388,-270,118
alondraisabelxo,2107,-2597,-490
melmelmax,3214,-233,2981
zirryrising,2294,-1668,626
Mamaili_M,2705,-1427,1278
okura_326,0,0,0
NRBMN,1826,-1461,365
Uskuroo,0,0,0
njhatori,437,-174,263
absolutdabs,1459,-885,574
rhybi_,2866,-1354,1512
yaqob_romano,1009,-1103,-94
AllEscorts,343,-74,269
007_blame,17,-2,15
madrose10,596,-580,16
Shalareethema,2479,-2989,-510
MemoryImprovmnt,2135,-1084,1051
_AqilahZamri,933,-392,541
kanami1001k,3,0,3
ePressicom,163,-41,122
daisyleenVIP,3496,-1369,2127
briaaaa23,10,-35,-25
bnievera,4177,-778,3399
NewcastleEagle,5610,-390,5220
JackMcHaggis,2042,-2755,-713
diegopmorales4,739,-224,515
KiranBjp,2171,-2136,35
KalilaShante_,2444,-5464,-3020
palmisvip,324,-52,272
stwb29386,0,0,0
AbdSalamehh,732,-626,106
toniandreaaaaa_,1557,-2463,-906
infinitingg,1675,-465,1210
Agrimilk,1781,-946,835
KinggJazz,1690,-2916,-1226
JOWAPAO_,2576,-168,2408
jye_cain,2104,-2553,-449
TylerPriceD,3232,-3454,-222
WhatsSanity,848,-1163,-315
WWeaverbot,2001,-1097,904
Maryyy234,2248,-2616,-368
SuzanneShoker1,3636,-2012,1624
Balla1971M,719,-400,319
DaggaMagazine,1353,-1731,-378
TheBrainSticker,3427,-488,2939
eikka27,2144,-2759,-615
keelylaml,2672,-1099,1573
saputri_winny,287,-1119,-832
zjmandallas,4316,-3594,722
NoraAbdalla5,104,-92,12
GEORGENDUNDA,1610,-2039,-429
mysexgodhes,3,-7,-4
Amanat_pure_me,279,-101,178
mcfluff88,816,-925,-109
RnldPaulAcosta,646,-227,419
ChrisShawTheMan,3615,-2785,830
AcadCherry,2839,-458,2381
Its_Stronghold,874,-189,685
lrhcal,3006,-2122,884
groovyAF,2280,-1853,427
JBH5XOX,3204,0,3204
dxrthxdenise,2482,-2228,254
vukusona0011,51,-18,33
_yusriazwan,481,-172,309
rahmil_marifah,6,-1,5
minami_minami68,0,0,0
Ayeitskritiii,2456,-1864,592
YesAsia,2114,-464,1650
bluntsfordayzzz,2945,-2555,390
BfyZCmVtyKV4Syj,0,0,0
SoguAyodeji,3139,-2359,780
Juliana77786787,3,-7,-4
TheLioness007,3140,-1280,1860
MaxxWeinstein,2034,-1946,88
Brianchick405,1616,-1279,337
manojjadhav_99,2010,-2528,-518
Mason49491,0,0,0
justinmaju,0,0,0
athirahrazulan,1390,-816,574
divrchk,2092,-1367,725
Stephan31798613,2508,-1258,1250
ZeroCareBihhh,1643,-3645,-2002
JimDandyAndy,3347,-3532,-185
04776lktc,0,0,0
riko_riko000614,149,-19,130
syazwaanaa,1018,-404,614
annelouisecraig,2669,-2091,578
youbetterkiss16,1339,-854,485
dayasdinahmite,1161,-1269,-108
mohamedessam800,17,0,17
alkaabi20,7,-2,5
queain_,1678,-769,909
ieks,681,-1342,-661
laibak513,921,-257,664
travelagen1,4,0,4
TechieApps,3819,-52,3767
jenny_gg_0902,296,-45,251
FleeFornication,6418,-1353,5065
BabySexMoan,647,-583,64
pretparkfotos,0,0,0
CunhaTish,3132,-1930,1202
Goddesskathange,2352,-328,2024
CatugasClint,912,-386,526
SerishBut,0,0,0
ZaynMalikCWD,1108,-837,271
Putri_Laurant,785,-457,328
paru_3__,0,0,0
DelbiRaduenly,7,-3,4
C_LosHunt,1922,-2786,-864
jdlnmre,2408,-2906,-498
eim62x__,53,-5,48
Amina_74246,2649,-2329,320
mackenziemxoxo,2162,-1887,275
laxandracheeks,2827,-1317,1510
EmmaStocks2,3211,-1325,1886
___Olfat,58,-45,13
anashi8,1787,-520,1267
StaticJungle,2540,-2790,-250
DreaZR,2442,-3019,-577
Megan_Bousfield,12,-9,3
sknhmj,531,-307,224
nomorekayla,3327,-2729,598
_WhosFreddyJ,44,-123,-79
bellelumiere,2826,-1379,1447
1sttimemommyadv,11695,-156,11539
pimteuk,410,-93,317
diantamunthe,1288,-311,977
sweetcheek,12773,-304,12469
0marwael,277,-83,194
artofserviceIT,6240,-919,5321
ermutia_,803,-185,618
vinugshankar,261,-262,-1
_7706850454312,0,0,0
dX5kW5NNlgUaOH4,10,0,10
finna137,2327,-1492,835
nahomieeee,184,-182,2
BeenashPMLN,195,-80,115
kaz22008,279,-45,234
Nour_O7,293,-76,217
LocateFund,3008,-655,2353
travelabouts,3299,-503,2796
aestheticgoals,2028,-1379,649
MEMEJUAN_CLARK,41,-26,15
jabjimenez,2000,-677,1323
Rodekarlsson,1229,-945,284
Weirdzo,2565,-1621,944
ZooMas_,991,-914,77
solo7984,2247,-456,1791
rei06240624,0,0,0
athirahwafiy,2387,-699,1688
yuksiklan,529,-411,118
necknape,22,-42,-20
HermosaAlma,2065,-2097,-32
dxxzus,2486,-3358,-872
Noratiqah98,1659,-934,725
MaudgilSahab,779,-649,130
anistore66,135,-4,131
Mostafa17138251,62,-32,30
shakehandslife,3393,-1482,1911
EnterSandman_21,3997,-1176,2821
trensabby,1587,-4088,-2501
BernieceHitt3,871,-8,863
CuriousMic,55,-14,41
HunterOutdoors,756,-140,616
Kosmos02040293,524,-53,471
nean,465,-461,4
humanityfirstuk,2631,-1595,1036
FMalikMGT,117,-48,69
itsTEECLAY,2485,-1172,1313
Geraldkipyego,2865,-1542,1323
hettietwr19,0,0,0
aberrant_methun,1255,-243,1012
HELLOBYE92,7158,-1791,5367
mynameisellep,2907,-1767,1140
MykeRetribution,3083,-1531,1552
zacharygarren,2178,-2225,-47
ViceVersa20,502,-226,276
Jeayfm88News,134,-38,96
feldspath0id,2936,-3634,-698
MLTRPHOFFICIAL,282,-17,265
TITSMSLNY,3108,-2423,685
holly_kronoff,112,-60,52
salman12705,0,0,0
chonticha22,111,-38,73
Leslat,326,-595,-269
1_c7xx,243,-159,84
143redangel4evr,1873,-213,1660
Me___Ali,3172,-1399,1773
grace970901,1923,-563,1360
slhd28668,2,0,2
08059gnlb,0,0,0
MohamedAmenGoda,56,-22,34
smith_lois,2334,-1956,378
tuaceejck19,154,-60,94
blueitaliannyc,1285,-1736,-451
linnsy_r,14,-6,8
aoteshi,1805,-2476,-671
jamespaul8898,374,-106,268
KP4Radio,758,-161,597
niccblanch,2220,-2556,-336
holznagel2,2235,-1119,1116
karllafllores,2358,-1705,653
parkermag,1809,-1886,-77
TendancesModeus,31,0,31
trinia_trinia,2389,-2542,-153
_xmirvl,469,-345,124
hHefAF1Nlx9A9Wc,990,-88,902
iamRaymondLacsa,1856,-642,1214
SansaCristiana,144,-69,75
W8tLoss4FatGuys,5218,-1202,4016
marketastroblo,0,-12908,-12908
hahont16,31,-9,22
SEMSEMCARS,719,-562,157
maistro29,9,-3,6
DJKalum_BOT,0,-72,-72
Killahhh_Boo,3038,-2621,417
ItsToneBoogie,1258,-1533,-275
AlHearts777,723,-350,373
adamssean533,393,-515,-122
iyaabebut,1891,-676,1215
aran_generiho,6,0,6
agmradionetwork,1916,-696,1220
officialraalph,1823,-1708,115
dan_marks77,3183,-1475,1708
falrakan36,236,-6,230
AliFazal18,754,-649,105
Jgallagher89,2344,-1672,672
SabrinaH_21,4940,-45,4895
Jesse_Hogan,2281,-1033,1248
RSKarim1,1388,-3539,-2151
ndany_,2392,-2182,210
CatherineLingg,905,-214,691
barcbels,122,-81,41
J_aichi0,3,0,3
um_hammzah,16,-12,4
JMfighter420,3975,-624,3351
josceitil,91,-68,23
_tiffnasty,2283,-4609,-2326
MajdaSuhel,33,-23,10
5cmBeck,23,-8,15
albahle,2,-16,-14
C_Adele_,3026,-1530,1496
SzNataliija,1905,-299,1606
1Dream1Heart,2717,-2277,440
FarestHilmi,1195,-752,443
MoneyMarketzz,3354,-1270,2084
laxradar,486,0,486
HoneyCarmella,2571,-2127,444
na_glmn,0,0,0
mgrdne42_kanyan,0,0,0
ElinorWomack,886,0,886
Loca_qm,2365,-2828,-463
W_dese,36,-9,27
forestfan1976,2593,-2537,56
victorialuu_,3183,-1990,1193
nolomoifa,2357,-1279,1078
theonlyChristus,2518,-1647,871
Yagyuyane,22,-8,14
JudithSauntert2,96,-184,-88
Jihanariella,28,-42,-14
MuhdFxrhan,1726,-700,1026
Zoe_Hood8978,444,-78,366
BieberToHadid,3583,-1130,2453
bartekstyrna,66,-64,2
BlessingLorrain,2106,-1232,874
dajeee_,1895,-1119,776
Crlyn_Angie,79,-19,60
FarraAaron,1338,-814,524
rinariny,3,0,3
pemiycu,114,-106,8
barcellona99_e,0,0,0
SonamJalal,38,-19,19
vjdec_,3080,-629,2451
eg_saa,3,0,3
UKRunChat,5107,-648,4459
Mobute,2583,-1906,677
elise0815,622,-509,113
Lhaureth,2601,-3506,-905
ojimakoutarou1,29,-36,-7
nanaarewa,1546,-2360,-814
buoy46070,0,0,0
qweboonews,1972,-1804,168
sisilovato12,0,0,0
thatniggadeejay,1921,-4875,-2954
addyhazman,1347,-420,927
Adam_malli,1642,-622,1020
Mondrial,433,-404,29
lisa_sasa21,102,-74,28
oSourDiesel,1378,-1638,-260
padillaxerika,1695,-359,1336
_xloveeshay,1988,-4760,-2772
chilkoti2,2139,-2287,-148
Stephani_Phan,5112,-7780,-2668
kassivargas30,2549,-2489,60
Leena_mp,2476,-2540,-64
austinarceneaux,581,-206,375
Akodeofficial,2751,-1278,1473
ChevyLife4Ev,0,0,0
___Jalynn__,1914,-2168,-254
JasonDyINTL,2337,-145,2192
HyghOnHype,3,-1,2
noy312,181,-27,154
gabby_is_a_lego,2857,-1791,1066
elizapublishing,2738,-1235,1503
jhascug22,257,-116,141
Tesco,2735,-803,1932
JCuepublic,1522,-2340,-818
PoisonIvy328,244,-168,76
xXCierraaaaaxX,2136,-3768,-1632
dc_dee,409,-205,204
kaysnyche,2033,-1131,902
Hlou158,1184,-488,696
XI_HANEXOM,500,-145,355
boredyeol,1590,-989,601
Mrmohmad3,66,-42,24
Apinyap74,836,-174,662
JasperFlowwww,2312,-494,1818
Iamrealmulti,14,-24,-10
30Inx,91,-27,64
StainCoffeeCup1,4137,-511,3626
JuarezMartin72,1793,-1795,-2
minimalhomes,4664,-765,3899
Parker_Howell,1954,-1851,103
southkoreaTrend,5871,-166,5705
danieldarnold2,2882,-250,2632
L0ng_L1ve_Kemp,1733,-2881,-1148
j21in,12,-5,7
PenelopePinec,899,-366,533
leighw92,497,-16,481
nishi_8ss,4,0,4
beadsme,1126,-165,961
TaylorxoPerrot_,2323,-2247,76
ketiofock20,19,-5,14
chilltyler,1815,-2019,-204
fitmales,1628,-1515,113
EarthlyMails,1043,-1588,-545
dextercruzat,1881,-480,1401
xcjalimagno,172,-104,68
two_gorillas,687,-358,329
Leonardovelazqz,90,-596,-506
zandrac274,0,0,0
vanbruch,704,-353,351
hazzureddy007,26,-22,4
AbozeidNourhan,203,-165,38
Nolanelle,1422,-1208,214
ElijahBlueJones,2074,-2188,-114
yayabaidzawi,784,-340,444
MargaPep,563,-541,22
PrFvuVS27e2vyXy,0,0,0
artacademyeduge,18,-6,12
louisxcanxfly,2682,-984,1698
RsZmud,82,-35,47
joninuzuqin,502,-210,292
kolkata24x7,687,-1823,-1136
_Cedricabad,1634,-1970,-336
FaNishKy,2228,-7,2221
zapteens,3103,-1450,1653
monaclemente52,2560,-213,2347
redwestlover,65,-44,21
johnfrenchdsign,632,-58,574
AlexHilbert_,2842,-1896,946
Reaprar,2433,-3512,-1079
KaroYamanLux,1896,-1023,873
highIiam,2540,-2087,453
miofgraces,2351,-301,2050
PetiteRileyR,554,-433,121
jabadoo1106,1866,-2377,-511
Giofranz0003,3941,-348,3593
DestinyHipple,1130,-1251,-121
GausKelly,3793,-936,2857
informacija,18,-2,16
TooManyEmmas,2782,-2053,729
Deecesca,1899,-1138,761
Organic_Tweets,0,0,0
tasya_888,1725,-470,1255
blogthisco,1324,-2745,-1421
Raaymaart,2827,-848,1979
laurenclack,1327,-617,710
wheelingwhaup,2875,-1886,989
alllibertynews,2268,-1995,273
MissKatiePower,2316,-2278,38
grabmybutstick,2308,-3117,-809
taz0883,1754,-142,1612
jose_reyes1719,1386,-1710,-324
iAintShitButFat,2260,-3451,-1191
67Oddlots,379,-460,-81
ThalaAravint,914,-239,675
Evangelicos_RJ,150,-492,-342
justjohrdan,19,0,19
KristinDickso17,723,-514,209
In_Wonderland21,2739,-1947,792
Crystal_Elkin,3393,-1049,2344
aimeehooper1,3254,-1983,1271
RobRozenboom,10,-6,4
tustuleca,2427,-2231,196
ArcticTVru,0,0,0
analynanapi8,986,-544,442
PO_LH,5,0,5
Alan31112,926,-1023,-97
UsmanAnwar78,1196,-1891,-695
_PPradise_,207,-24,183
iamrana,1664,-950,714
BONZ_FOREVER,2213,-2611,-398
osceazy,472,-909,-437
sarahAlsuwadi_,184,-106,78
_ahmadou,1825,-3355,-1530
NaomiFletch,395,-334,61
Sergey_Sergey_G,515,-339,176
gellyybellyy,3533,-1330,2203
Loucataris,2738,-518,2220
lorenabermudes,9,-9,0
JCDemegillo,1478,-500,978
nrndh_,1379,-752,627
LLetterford,588,-201,387
RNIC206,297,-627,-330
Ar_Handy,2545,-1104,1441
hectorv_5,2431,-1871,560
poojaar61533035,2614,-229,2385
segristttx,3340,-1307,2033
gauravsingla09,3949,-268,3681
iamrabah,2918,-746,2172
JagdaveC,611,-395,216
IRespect_Haters,3832,-5157,-1325
Juhhriz,1483,-2822,-1339
lailavnabila,254,-195,59
Simplysahraaa,2189,-1899,290
daynightpix,1406,-855,551
eurovisionvideo,869,-57,812
alsada_mariam,163,-23,140
smernicki,3112,-1315,1797
alifiafany,2191,-374,1817
lexluther1021,153,-122,31
designprofiles,3109,-987,2122
gareth_d7,1307,-277,1030
hotnakedsoldier,0,0,0
AmDefenders,530,-136,394
azhanf,688,-285,403
0901_58jk,10,0,10
YOODIIRRTTYYASS,1440,-2869,-1429
kaisa0954,0,0,0
circlingsquare,2043,-416,1627
S_Brocklehurst,4824,-1125,3699
sumner_whitney,2610,-1713,897
IK___0622,5,0,5
shannyguava,2366,-1499,867
FXS_Finance_RO,635,-917,-282
Shoug76x__,341,-45,296
daniahodroj,3224,-1410,1814
giveawayhoof,2013,-96,1917
rhysadkins1,206,-315,-109
lukeosullivan,1862,-1794,68
damnlioness,1772,-519,1253
DISummit,2248,-464,1784
ryan_kevin90,43,-45,-2
scottieboy32,2324,-2882,-558
HDoreward,0,0,0
lyslys_,2346,-2175,171
WDSiGroup,998,-516,482
MILDLocksmith,512,-151,361
johny8656,91,-162,-71
GsninNeferlerii,205,-24,181
alaskawater,2320,-2408,-88
reihnigskull,285,-2418,-2133
NurAishanur765,1233,-175,1058
Afternoon_Voice,1248,-2315,-1067
nicolemistula,1260,-731,529
iamJourney_,2505,-4283,-1778
Rid_KpN,54,-22,32
einsniko,2689,-1505,1184
Musa41904992,6,0,6
meganbrose,2824,-1780,1044
rosexdagger,2426,-2281,145
LANewsSource,1814,-3847,-2033
LaNudz,209,-65,144
delay_tactics,319,-321,-2
Titcomb27,2072,-496,1576
bestbeau_ss501,260,-42,218
GodwinSonja,2174,-4525,-2351
binybesutimu,0,0,0
MinaRad3,498,-897,-399
Fangirl_Seemab,3599,-634,2965
johnlorwen_02,28,-1,27
tncnmhew,42,-22,20
fazhilahhanum,680,-370,310
TurkiAlharthe,134,-83,51
PinkieDeville,2525,-3208,-683
kyrinledesma,1780,-1605,175
83463slhb,0,0,0
Traboulsim,232,-275,-43
06859jcsb,0,0,0
Got2Bespoke,1752,-554,1198
Ian_Fraser,2105,-3246,-1141
XXXBinge,6566,-21082,-14516
wtfmig,2104,-1419,685
HiIdyyy,1936,-806,1130
torresajorrke,3085,-1996,1089
3jsb_akaryuji,22,-4,18
RolandhuStler,2786,-3555,-769
EmadDoItBetter,2241,-3408,-1167
TickerReport,1373,-168,1205
Yasminah_H,1531,-1803,-272
_shesadoll5,771,-465,306
